64 112 3
1 9 95
17 18 101
17 9 105
47 39 138
19 27 78
19 11 100
6 5 50
37 45 114
34 42 64
51 43 106
61 53 141
60 59 115
41 33 86
10 18 101
23 22 78
48 40 57
48 56 71
42 43 145
10 2 87
62 61 143
23 24 78
45 44 61
35 43 79
42 50 54
11 3 113
50 49 88
49 57 90
43 44 68
21 29 138
16 8 67
15 14 146
45 46 93
27 28 133
24 32 149
30 38 75
14 22 140
38 37 89
28 29 136
12 4 132
6 7 114
25 17 57
42 41 54
33 34 61
55 56 78
62 54 93
56 64 118
29 37 72
27 26 60
58 50 51
10 9 80
19 20 55
46 47 86
20 28 76
44 52 115
5 13 66
1 2 108
38 39 87
58 59 74
3 4 86
39 40 149
14 6 100
51 59 121
36 35 81
55 47 80
26 25 144
50 51 113
30 29 131
64 63 146
58 57 123
63 55 118
31 39 145
53 54 116
12 20 90
27 35 134
16 24 92
38 46 57
35 34 106
32 31 68
63 62 62
7 8 122
14 13 59
41 49 60
15 23 137
18 26 51
34 26 122
11 10 105
61 60 149
31 23 54
53 45 61
54 55 117
12 11 78
13 12 100
28 36 108
21 22 74
30 31 119
47 48 131
25 33 134
15 16 122
32 40 100
15 7 135
36 37 149
36 44 92
22 30 63
4 5 140
18 19 140
53 52 131
21 20 86
51 52 105
2 3 54
54 46 119
60 52 126
13 21 105
17 20
27 5
13 14
