1225 2380 68
67 66 144
143 178 60
101 102 96
153 154 130
809 808 85
348 347 123
57 92 92
350 349 141
254 219 77
267 232 139
327 328 73
1100 1135 103
824 789 77
5 6 114
799 764 130
343 308 112
941 940 91
631 666 117
972 1007 118
1054 1053 75
1016 981 72
935 936 119
1201 1200 73
212 213 122
890 925 105
329 294 90
624 659 75
922 923 146
918 953 122
1041 1076 73
422 421 57
1218 1183 130
135 134 111
365 330 91
522 487 96
736 737 134
237 238 66
380 379 139
481 480 115
255 220 91
546 581 76
481 446 101
733 734 129
640 605 106
41 42 57
1108 1143 107
1173 1138 119
715 714 118
221 220 86
366 331 110
492 493 77
1049 1048 104
192 157 100
825 826 132
390 425 107
1064 1063 138
781 782 106
859 824 90
223 224 88
625 626 90
208 243 78
931 930 115
214 215 88
669 634 131
991 1026 144
396 395 110
580 545 140
551 586 114
304 303 60
136 137 111
185 186 71
431 430 58
276 241 143
866 901 115
186 151 146
263 228 79
889 888 56
16 17 77
992 1027 81
777 812 120
50 49 103
988 989 148
746 781 99
1095 1096 139
756 755 62
235 236 81
584 549 53
682 681 65
523 558 89
997 998 130
133 134 92
196 161 63
798 799 58
372 373 143
553 518 102
1031 1030 67
1059 1058 148
577 576 51
1042 1007 84
988 1023 108
278 279 142
986 1021 134
47 48 83
1137 1136 94
140 105 85
573 574 59
1065 1030 136
526 561 76
23 24 116
970 969 139
231 266 136
66 101 73
1083 1118 76
955 920 133
313 348 117
981 982 108
179 214 86
1093 1094 58
480 479 95
739 740 92
708 673 79
464 429 108
784 749 127
94 95 115
814 813 57
605 606 63
1164 1165 63
276 275 132
135 100 116
1163 1198 101
208 207 62
270 235 99
627 628 54
259 224 119
463 428 112
536 537 80
317 316 69
60 25 60
636 601 127
568 567 94
635 600 79
845 880 85
719 754 149
619 584 83
924 889 137
473 508 104
866 865 96
260 261 101
775 776 63
1208 1173 101
1168 1167 87
1164 1199 68
388 423 125
1028 1063 55
493 494 53
255 290 91
1215 1180 62
352 387 77
727 692 148
1019 984 130
687 652 147
675 710 139
421 386 140
1183 1184 95
786 821 63
581 580 133
587 588 81
906 941 109
295 330 132
721 756 112
292 293 68
937 972 73
604 639 82
355 390 143
84 85 65
329 328 118
824 823 114
703 668 110
179 180 99
491 492 112
755 720 105
1150 1185 67
1140 1141 50
92 93 146
210 245 95
451 452 70
828 827 116
428 393 148
57 22 96
1113 1078 83
1086 1051 71
1052 1051 128
981 946 60
1223 1188 141
288 289 147
518 519 77
473 474 50
671 706 92
158 193 123
1043 1078 84
520 521 50
472 471 135
512 477 100
411 410 68
1208 1209 129
200 165 60
270 271 55
879 880 135
1163 1128 129
727 762 129
155 156 132
470 471 78
356 391 53
452 453 136
767 768 62
1027 1026 148
361 360 126
31 30 130
58 59 121
958 993 125
1011 1046 51
428 427 100
203 238 127
364 329 76
554 519 65
691 690 83
194 195 66
854 889 82
295 260 86
1054 1019 149
317 282 142
173 138 112
1103 1104 134
268 269 148
1074 1073 94
770 769 107
85 50 112
726 725 54
281 316 96
836 871 99
953 988 137
415 416 110
557 522 98
607 642 124
573 538 65
506 505 88
856 821 72
1134 1135 77
940 905 96
1182 1217 64
857 892 101
520 555 137
788 789 133
1095 1094 108
1107 1142 123
865 830 142
908 907 143
730 765 66
941 976 98
251 250 81
334 369 66
424 423 73
108 73 123
1099 1064 100
933 898 131
160 195 63
615 616 90
46 47 100
57 58 146
423 458 104
454 453 69
259 260 84
728 727 52
836 835 109
40 75 144
859 894 68
836 837 113
512 547 103
1005 1040 147
650 615 57
116 151 70
31 66 112
117 118 122
507 472 86
1196 1197 75
582 617 92
267 266 90
1050 1085 112
984 985 129
128 93 147
455 420 117
535 500 138
445 446 111
751 750 68
524 525 95
161 126 90
641 640 147
598 563 79
35 34 70
1189 1190 140
671 636 58
917 918 96
1149 1114 110
480 515 145
758 793 83
484 519 67
51 86 62
86 85 132
690 655 97
75 76 86
1142 1177 127
1097 1098 111
572 607 81
81 116 94
43 8 58
543 544 51
143 142 68
1038 1037 120
602 637 110
504 469 120
916 881 60
771 806 96
481 516 95
452 487 149
325 360 131
515 514 138
708 743 66
685 650 135
874 873 142
948 947 53
693 728 117
100 101 71
36 1 105
918 883 65
1136 1101 107
367 402 111
808 773 128
325 324 91
297 262 89
1146 1147 118
1001 1036 130
28 29 85
283 318 108
111 146 145
125 126 51
287 322 104
171 172 104
241 242 107
620 621 117
265 300 127
318 353 112
406 407 145
846 881 51
811 846 66
405 404 131
183 218 115
146 145 142
343 378 107
603 604 122
1056 1091 54
344 309 53
967 966 95
725 724 137
432 433 121
15 16 77
1170 1169 133
1194 1159 93
409 444 132
730 729 117
248 283 88
962 997 84
774 739 111
853 888 58
1137 1138 131
436 471 124
680 679 56
309 308 146
693 692 89
781 780 108
167 168 140
204 169 65
622 587 76
1020 985 53
968 969 54
97 98 60
483 518 120
486 487 147
356 321 77
931 896 103
649 650 88
466 467 95
425 460 59
1211 1212 149
706 741 79
232 197 113
467 432 144
751 786 146
689 654 139
317 352 83
767 732 124
441 442 137
155 154 94
662 661 130
795 760 144
652 653 129
676 677 64
1022 1021 78
1178 1143 73
374 375 74
1147 1182 139
979 978 126
1101 1102 67
123 124 107
371 370 126
1066 1067 102
354 353 140
32 67 50
138 137 127
886 921 56
922 921 116
790 825 106
938 973 117
438 473 106
614 649 118
794 795 144
335 336 69
285 320 144
883 884 97
805 770 145
604 569 147
938 939 128
702 737 142
935 970 73
1062 1061 113
1138 1103 142
562 527 69
58 93 60
99 134 139
219 220 78
13 12 148
903 902 65
1117 1116 147
1111 1076 55
1013 1014 114
657 656 122
104 139 55
829 830 100
655 620 135
120 119 68
657 658 56
1070 1071 127
602 603 113
1155 1120 66
593 628 107
1010 1009 111
899 864 70
50 15 74
665 664 140
1055 1056 64
432 431 137
1083 1084 67
1149 1150 142
721 720 91
702 701 146
609 608 75
919 954 123
466 431 82
1093 1128 144
1044 1043 90
168 203 144
314 349 109
79 114 81
474 475 133
115 80 120
63 28 78
212 211 137
735 734 51
108 109 118
311 346 107
54 55 103
258 257 69
297 298 140
163 128 65
348 383 102
381 346 90
588 589 111
905 906 62
696 731 138
976 1011 68
738 739 95
332 367 69
182 147 146
827 862 115
127 128 116
1063 1098 79
1051 1016 59
392 393 147
986 951 101
326 327 138
460 461 122
1074 1109 52
1225 1190 82
965 964 80
911 946 113
987 988 132
880 915 96
114 113 95
89 124 123
184 185 57
1088 1087 135
363 398 60
936 971 86
413 448 96
1001 1000 74
908 909 93
580 615 116
571 606 84
486 451 63
397 398 121
606 607 114
405 406 138
1060 1095 57
1172 1173 55
913 912 94
703 704 122
767 766 50
300 299 126
246 247 145
742 777 77
350 315 110
1110 1075 70
222 223 123
1172 1207 75
446 447 72
100 65 116
421 456 105
363 364 50
386 387 142
498 463 97
1032 1031 119
986 987 120
125 124 57
112 147 59
149 184 70
810 775 75
1004 1005 114
1224 1223 109
212 177 105
911 912 125
546 511 83
687 686 117
136 171 149
762 763 105
912 947 75
301 302 83
299 298 76
1166 1131 118
353 352 52
441 476 89
582 583 69
1048 1013 57
811 810 64
373 408 122
339 374 52
850 849 101
240 275 142
810 809 78
181 180 141
332 331 85
638 673 88
11 12 65
678 713 122
263 264 100
1060 1061 116
83 82 50
444 443 108
630 595 122
1144 1109 75
1036 1071 97
205 206 93
385 420 66
854 853 71
323 358 128
616 617 82
462 497 131
847 848 84
194 229 88
161 162 134
956 957 134
71 106 132
966 931 89
723 758 94
502 467 67
667 668 57
816 817 148
828 829 117
972 973 139
744 779 64
11 46 103
381 382 84
300 301 70
697 698 136
733 698 77
1089 1088 101
40 5 75
736 701 98
434 433 76
1035 1034 126
294 293 113
254 289 114
1033 1032 88
597 562 129
24 59 121
371 336 146
96 97 94
761 762 64
731 732 100
996 961 125
552 551 126
503 468 143
181 146 62
1105 1070 68
839 874 136
140 139 136
944 943 133
622 657 64
982 947 83
183 182 99
909 910 93
720 719 135
54 19 77
992 957 101
1091 1126 54
385 384 61
556 591 108
458 459 136
825 860 100
208 209 111
162 197 53
1002 1001 140
222 257 51
691 692 58
703 738 104
915 914 144
414 413 57
1067 1032 134
585 586 133
793 792 66
132 131 68
400 401 122
922 957 134
980 1015 97
287 288 64
528 563 73
243 278 61
642 641 106
434 469 71
122 123 52
1107 1106 76
748 749 126
69 34 78
856 891 121
190 189 50
565 600 52
118 153 70
87 122 97
670 705 134
832 833 141
1101 1066 56
755 790 71
458 457 81
495 494 83
404 439 96
1044 1009 82
636 637 133
213 214 59
55 20 71
422 423 124
427 426 122
1202 1167 93
437 438 53
318 319 147
227 228 138
342 377 141
9 44 56
965 966 65
686 685 91
575 610 143
433 398 85
341 340 65
1182 1181 136
522 523 132
951 916 59
773 772 134
447 412 136
738 737 76
694 659 72
726 691 127
1145 1180 65
1075 1076 107
718 683 82
669 670 112
925 960 123
914 879 67
107 108 135
815 780 129
164 163 111
933 934 132
603 638 121
629 664 54
661 660 95
442 477 148
222 221 55
700 735 128
963 998 98
324 323 95
539 538 109
416 381 109
624 625 116
1216 1217 95
754 753 59
870 905 124
78 43 88
1059 1060 143
868 867 124
442 407 120
858 859 129
1175 1174 141
278 313 99
1070 1035 58
70 35 58
605 604 80
774 775 114
1028 993 102
491 456 116
208 173 132
885 884 124
180 145 100
375 376 67
688 689 128
552 553 95
338 373 66
1017 982 71
494 459 63
16 51 79
4 39 70
417 382 129
397 432 107
674 675 142
886 887 77
305 306 109
1108 1073 87
399 364 120
998 999 52
760 761 134
326 361 82
366 365 130
1096 1097 56
1047 1082 57
903 904 126
445 480 96
1111 1112 124
69 68 101
698 663 123
284 283 143
289 290 55
864 829 64
687 688 92
302 337 132
1168 1169 126
687 722 74
204 239 50
133 98 110
681 716 61
1188 1189 80
227 226 106
8 9 138
230 265 104
406 371 64
450 415 88
633 598 130
538 537 66
228 229 135
83 48 132
65 66 53
616 581 88
345 380 121
116 117 139
1121 1156 147
1104 1105 54
527 526 141
505 540 54
549 548 141
888 923 124
37 2 139
666 701 66
1160 1159 105
772 737 65
1204 1169 94
967 1002 63
870 835 111
505 470 81
782 783 92
1020 1055 118
500 499 122
291 292 68
1112 1147 83
1221 1222 97
80 81 86
333 368 83
356 357 84
1134 1133 145
744 745 136
722 721 137
1046 1081 63
494 529 84
238 239 105
564 563 108
389 354 88
91 56 90
896 897 101
315 280 128
1224 1225 135
1146 1181 110
812 847 50
506 471 98
573 608 97
579 544 130
527 492 108
816 781 70
819 784 69
779 780 147
797 762 73
159 160 74
205 204 137
624 589 126
1115 1116 126
351 386 73
979 944 134
1207 1206 85
1095 1130 131
230 229 125
767 802 81
517 482 67
232 231 73
419 384 115
388 389 145
1022 1057 119
118 83 72
583 618 82
496 461 113
307 308 98
202 201 117
429 394 102
808 807 108
478 513 90
1196 1195 125
307 272 69
940 975 72
569 534 98
465 430 76
943 942 94
327 362 77
999 964 143
537 572 61
624 623 61
39 40 88
209 174 63
478 443 84
103 104 62
1143 1142 60
449 450 134
917 882 121
684 719 94
91 126 143
833 868 93
282 247 59
1194 1193 95
899 934 103
1065 1100 140
467 468 66
983 984 141
622 623 115
29 30 113
306 341 124
539 504 95
669 704 130
158 123 72
182 181 135
24 25 147
1175 1210 112
769 768 104
1047 1012 82
562 561 61
188 187 88
1072 1107 104
1129 1164 58
372 337 62
445 410 51
801 766 75
945 980 52
130 165 114
1010 1045 50
111 112 136
757 756 54
751 716 118
239 274 130
966 1001 139
1154 1119 123
1190 1155 104
1155 1154 105
560 595 119
638 637 55
582 581 138
883 882 58
372 407 89
99 64 134
278 277 95
501 502 140
748 713 124
1141 1176 121
1007 1008 63
613 578 118
705 740 118
601 566 105
936 901 107
510 545 133
112 113 127
625 590 62
806 807 50
44 45 130
853 852 133
1027 1062 144
98 63 55
1156 1191 66
1120 1085 81
864 863 75
1092 1093 141
956 955 100
221 186 88
1014 1049 132
340 339 122
663 664 124
109 144 57
969 1004 118
19 18 108
1157 1192 100
887 922 66
734 769 77
699 664 131
1104 1069 102
468 469 81
819 818 62
236 271 124
975 1010 131
39 38 122
1124 1159 58
62 27 84
1039 1074 97
641 606 122
116 115 102
175 140 65
561 596 127
241 206 148
382 383 107
79 78 97
378 377 145
304 305 141
52 51 54
33 32 72
1072 1073 80
33 34 104
1186 1185 93
924 959 127
708 709 83
562 563 55
867 866 83
143 144 141
462 463 58
1021 1020 116
614 613 75
752 717 80
918 919 146
1144 1143 82
1008 1043 141
621 622 140
920 885 102
667 702 114
530 531 86
534 535 136
577 542 94
820 821 56
873 838 118
796 761 89
195 196 93
542 541 95
600 601 120
1194 1195 142
658 693 51
168 169 121
411 446 80
403 402 68
152 151 108
785 786 81
536 571 78
391 390 66
683 684 63
125 160 103
357 392 126
564 599 112
944 909 99
1213 1214 141
613 648 138
225 224 92
419 418 58
640 639 84
193 228 77
689 724 123
68 33 88
26 27 133
431 396 124
1114 1113 141
529 528 76
268 233 123
1150 1151 139
297 332 75
695 694 146
137 172 113
484 485 149
80 79 127
219 218 73
448 447 148
1067 1068 65
411 376 89
502 537 78
414 449 123
69 104 76
653 688 143
977 1012 111
611 576 56
460 459 53
667 666 144
319 284 97
932 931 89
433 468 116
1136 1171 56
683 682 130
1171 1172 141
3 2 129
991 992 103
381 380 107
188 223 111
797 796 145
8 7 137
1191 1192 124
707 672 61
526 491 126
576 575 130
443 408 116
425 424 123
337 336 137
248 213 124
939 904 137
910 945 117
742 707 102
498 499 124
1179 1144 101
198 233 142
1049 1084 145
935 900 56
534 533 74
822 823 148
1028 1029 125
1158 1193 77
482 483 51
788 787 77
1086 1087 134
449 448 110
773 774 73
565 530 89
884 919 101
435 400 135
76 111 55
545 546 102
203 204 111
835 800 119
1040 1041 79
376 341 140
948 949 99
878 879 100
743 778 121
26 25 141
315 314 133
1019 1018 129
202 237 132
632 633 132
750 715 138
485 486 138
820 785 52
549 550 96
197 196 101
1185 1184 51
797 832 85
660 695 139
1008 1009 112
766 731 137
200 199 119
442 443 142
732 733 83
1192 1193 60
838 803 144
900 865 50
202 203 67
516 551 78
984 949 83
926 961 84
147 148 91
1173 1174 119
609 644 82
1161 1196 115
751 752 51
1152 1187 81
959 994 84
1039 1004 124
179 178 97
612 611 84
271 306 132
364 365 126
646 611 77
597 598 68
53 54 80
216 251 50
596 597 142
1092 1057 102
401 436 81
1170 1135 72
326 325 71
77 76 105
100 99 131
831 866 76
941 942 117
422 457 124
1031 996 149
855 820 50
361 362 57
91 92 92
784 785 124
817 818 112
1096 1061 114
900 901 93
1125 1090 134
1102 1137 130
805 804 73
593 594 115
1108 1109 68
510 475 135
682 647 106
38 3 136
73 72 64
1045 1080 87
73 74 106
634 599 62
809 844 71
653 654 99
266 265 90
1216 1181 135
170 205 61
1094 1059 132
460 495 103
1072 1037 141
194 193 92
625 660 58
444 479 89
449 484 107
391 426 134
795 796 78
152 187 123
680 681 73
1133 1098 116
242 243 86
1110 1111 67
1006 1005 81
450 485 89
590 589 117
1016 1017 114
148 149 66
333 334 140
495 496 107
800 765 125
713 714 85
131 96 111
1120 1119 102
1199 1200 105
111 110 135
173 172 101
197 198 130
816 815 93
602 601 103
1130 1131 78
225 260 129
860 861 84
1142 1141 100
500 501 73
328 293 56
999 1000 76
983 982 60
1110 1109 107
658 659 75
87 88 91
303 302 88
60 95 83
351 352 115
640 675 83
536 535 113
288 253 93
212 247 55
176 211 139
708 707 52
1117 1152 117
855 890 65
876 841 52
758 757 134
465 464 141
818 783 125
1145 1146 122
963 962 78
21 20 85
489 524 136
135 170 67
1103 1102 79
249 284 145
150 185 92
672 673 144
548 513 102
587 586 107
532 497 108
543 542 94
240 241 72
884 849 53
409 410 121
997 1032 65
994 995 83
841 806 96
959 958 69
1213 1212 122
1057 1056 129
1163 1162 137
1171 1206 105
965 930 69
289 324 96
842 877 125
637 672 138
961 962 148
64 65 109
309 310 110
963 928 80
714 749 81
461 426 77
896 895 85
949 950 146
678 677 149
798 797 77
351 316 147
515 516 70
282 283 140
872 837 147
869 904 73
620 619 140
1054 1055 97
394 393 78
923 958 82
779 814 138
132 97 75
710 709 146
584 585 115
369 370 70
234 199 70
72 71 102
914 913 131
1160 1161 88
725 760 93
166 131 92
560 559 70
870 871 143
91 90 135
82 47 129
234 269 133
136 101 83
303 338 84
908 943 71
353 388 72
852 817 115
348 349 90
878 843 114
935 934 143
230 231 147
950 915 87
217 216 58
739 704 125
712 711 130
177 176 76
192 193 129
231 196 129
509 544 119
552 587 144
694 729 116
117 82 133
1075 1074 113
750 749 102
972 971 99
557 556 131
996 997 136
805 840 140
269 304 129
572 571 97
1113 1148 128
1139 1138 70
508 507 132
658 623 72
92 127 115
1160 1195 144
96 95 87
724 759 116
141 106 55
1002 1003 82
1048 1083 118
36 71 55
543 578 134
274 273 51
892 927 62
320 355 74
218 217 124
67 102 50
631 632 97
864 865 62
360 359 93
692 657 98
1053 1088 91
65 30 87
506 507 87
1170 1171 55
217 182 134
416 417 114
1205 1206 107
78 77 134
28 27 67
858 893 62
558 557 106
920 919 102
662 663 137
965 1000 71
638 639 77
189 188 65
53 88 138
1117 1118 69
152 153 72
319 354 85
369 404 136
1202 1201 77
1176 1175 66
202 167 114
344 379 122
357 322 79
217 252 140
655 654 86
956 921 52
656 655 110
851 850 81
61 60 52
886 885 77
4 3 99
1123 1124 147
564 529 110
891 890 86
792 757 76
394 359 101
1116 1151 141
125 90 69
256 257 105
804 769 56
506 541 89
85 120 51
489 488 139
1 2 124
237 236 106
1079 1078 114
263 262 105
151 150 92
756 791 94
333 298 105
557 592 86
10 11 115
499 464 83
688 723 149
592 591 96
1077 1076 131
445 444 115
577 612 134
670 635 117
754 755 148
74 39 65
1123 1122 130
784 783 126
576 541 89
1034 999 56
674 709 145
521 522 103
1177 1212 71
134 169 99
946 947 77
952 917 80
936 937 130
356 355 93
626 661 104
1137 1172 128
715 680 135
588 553 70
326 291 66
55 56 142
801 800 71
114 115 104
556 555 142
233 232 131
426 425 95
857 858 88
611 610 75
641 676 131
368 367 69
808 843 123
124 159 88
778 777 81
554 553 99
885 850 91
343 342 101
190 155 75
369 368 82
894 893 92
238 273 88
665 630 92
1134 1099 56
322 323 58
743 742 54
173 174 91
833 798 68
1015 1050 99
613 612 120
639 674 130
1205 1170 85
252 251 138
1073 1038 57
80 45 110
1059 1024 94
617 618 117
1035 1036 127
58 23 68
787 752 95
248 249 117
297 296 70
272 273 75
886 851 124
616 651 146
743 744 109
1114 1115 117
405 440 104
704 705 131
171 170 71
1046 1045 54
1034 1069 97
438 403 102
250 215 135
466 501 62
19 20 51
226 225 82
355 354 89
219 184 110
177 178 133
531 532 112
901 902 139
120 121 87
566 565 136
391 392 106
969 934 114
1068 1069 127
56 21 85
824 825 138
592 627 54
924 923 105
210 175 82
775 740 77
558 559 94
1160 1125 140
44 43 98
165 166 124
845 844 132
813 812 134
249 250 83
42 77 130
615 614 102
718 717 111
420 419 141
764 729 62
1041 1042 52
440 439 51
113 78 104
634 635 61
1207 1208 70
296 295 131
868 903 103
347 312 59
1084 1119 68
663 628 110
72 107 135
301 336 99
393 358 104
656 691 78
645 644 62
723 724 91
1036 1037 57
890 889 103
669 668 125
497 498 65
856 855 115
964 929 69
482 481 102
802 837 61
261 226 123
594 559 73
10 45 66
14 49 149
1052 1053 137
955 990 65
147 146 70
777 776 67
881 882 106
551 550 95
929 894 137
549 514 81
427 392 108
40 41 126
190 191 81
834 799 83
828 863 60
37 38 69
705 706 83
307 342 98
1025 1060 100
508 543 73
851 816 75
511 512 105
61 26 65
976 977 114
976 975 63
490 455 110
804 803 100
138 139 136
792 791 125
213 178 139
424 389 78
642 643 114
776 741 81
1129 1130 135
1080 1079 130
887 888 54
711 676 54
839 804 88
122 157 62
960 959 77
1090 1055 52
1164 1163 51
104 105 73
683 648 135
533 568 56
105 70 85
610 645 137
591 590 149
330 331 66
891 926 102
1089 1090 146
748 783 104
453 418 70
414 415 123
635 636 149
1202 1203 111
9 10 89
164 165 56
1065 1066 99
362 397 62
406 441 73
385 350 144
678 679 149
764 765 83
390 389 80
855 854 113
528 527 143
911 876 82
331 296 64
1209 1174 147
162 127 59
377 376 117
274 275 123
794 829 60
898 897 120
48 49 133
313 312 71
928 927 57
313 314 125
873 908 89
594 629 127
763 728 87
540 539 74
619 618 86
796 831 128
346 347 54
161 160 147
842 841 85
275 310 147
707 706 147
339 338 121
229 264 114
357 358 112
1144 1145 119
455 454 114
456 457 145
1071 1072 65
903 938 115
628 629 55
1029 994 132
990 989 137
1003 1004 120
726 727 108
1219 1184 109
788 753 104
771 772 125
556 521 143
312 311 72
295 294 65
488 453 146
98 99 101
86 121 124
1152 1151 78
575 574 61
973 974 142
18 17 67
951 952 82
192 227 118
568 603 147
167 166 147
121 156 86
617 652 83
882 847 114
667 632 86
656 621 148
1112 1113 61
1147 1148 126
1159 1158 123
567 566 126
586 621 141
308 273 131
1132 1167 103
375 340 98
1129 1094 105
876 877 99
509 474 52
242 207 79
1022 987 68
974 939 93
754 789 75
925 924 140
588 623 97
840 839 76
906 907 74
63 64 106
184 183 77
578 579 125
1038 1039 105
907 942 52
201 166 72
605 570 66
251 286 90
287 252 61
738 773 141
572 573 66
317 318 50
952 987 58
462 427 75
789 790 70
1068 1033 143
555 590 66
679 714 120
517 518 51
1166 1167 118
897 862 139
496 497 56
177 142 120
696 697 104
846 845 58
745 710 90
659 660 115
1077 1112 80
643 678 89
1162 1197 62
930 895 107
791 790 142
223 258 128
268 303 120
983 948 90
1054 1089 84
384 383 82
463 464 136
814 815 88
521 486 85
1198 1199 88
207 172 72
221 256 117
973 1008 132
73 38 110
243 244 120
1091 1092 102
979 980 146
200 201 79
1019 1020 111
409 408 106
1123 1088 149
269 270 137
712 677 144
600 599 128
1219 1218 125
589 554 107
1082 1081 75
370 405 51
531 496 133
458 493 55
682 717 82
52 17 122
1121 1122 141
259 258 96
954 989 121
570 571 97
476 511 144
1177 1178 109
1033 1034 61
52 87 119
54 89 109
913 948 85
979 1014 53
652 651 93
56 57 101
195 230 94
1101 1100 108
280 245 65
1139 1104 68
1188 1187 104
1007 1006 65
226 191 113
954 953 138
1091 1090 99
995 960 63
362 363 140
971 1006 147
503 502 58
547 548 64
862 861 88
566 531 101
1106 1105 102
875 840 102
37 36 61
107 142 130
382 347 114
414 379 120
533 532 58
447 482 52
256 255 112
1214 1179 130
510 511 89
454 419 83
1210 1209 79
110 145 100
236 201 67
618 653 52
697 732 65
144 179 91
597 632 127
507 542 145
296 261 71
209 244 70
671 672 126
514 479 93
121 122 140
951 950 96
643 644 102
722 723 131
930 929 130
862 863 51
895 860 88
422 387 121
277 276 60
500 465 82
926 925 137
1128 1127 78
1046 1047 143
772 807 92
304 339 73
117 152 62
300 335 111
1211 1176 98
156 191 89
1183 1182 97
753 752 63
544 545 70
330 329 54
591 626 107
546 547 55
780 745 51
428 429 118
1037 1002 102
186 187 131
285 250 86
43 42 135
1044 1079 121
1180 1181 109
1168 1133 110
759 760 98
564 565 71
1126 1161 58
62 97 67
1156 1157 136
209 210 128
921 920 65
435 434 85
454 489 62
857 856 100
277 312 88
1067 1102 149
850 815 88
832 867 120
378 379 91
791 826 102
858 823 92
1086 1121 57
234 233 70
813 778 65
875 910 149
810 845 147
1205 1204 75
402 437 53
153 188 125
1033 998 82
360 395 93
696 661 87
345 310 55
823 788 85
437 472 140
818 853 141
1049 1050 64
1203 1168 85
813 848 74
582 547 142
730 695 147
249 214 92
279 280 75
159 158 62
258 293 52
417 452 64
883 848 129
673 674 81
834 869 61
1058 1093 84
1153 1152 104
498 533 88
1132 1133 127
199 164 56
836 801 78
321 322 78
413 412 141
311 276 102
334 335 70
424 459 119
478 477 111
1140 1139 70
1023 1058 141
345 344 127
246 211 68
359 358 58
711 746 91
833 834 147
368 403 74
277 242 121
332 333 56
1018 1053 80
800 799 73
341 342 68
110 109 148
62 61 120
583 548 76
812 811 102
270 305 144
1146 1111 123
246 281 94
483 448 139
1089 1124 82
690 725 106
154 189 143
457 492 62
327 292 130
612 647 51
127 126 126
1081 1080 100
302 267 60
811 776 136
645 680 114
1178 1213 104
830 831 69
649 648 125
1077 1078 115
328 363 104
1150 1115 104
944 945 107
216 215 140
768 733 101
702 703 114
1029 1030 75
1021 1056 73
239 240 69
307 306 51
871 872 71
175 174 146
108 143 77
383 418 57
132 167 134
106 107 120
1082 1083 71
787 822 50
1148 1149 78
1070 1069 50
1024 989 63
77 112 133
220 185 58
1118 1119 69
1027 1028 93
284 285 136
61 96 139
436 437 142
512 513 52
68 103 121
846 847 74
1065 1064 78
894 895 72
163 162 126
55 90 122
324 359 131
1200 1165 94
114 149 78
477 476 124
679 644 131
47 12 121
287 286 131
1099 1100 51
569 570 127
319 320 76
1106 1141 144
977 978 95
51 50 50
1005 970 102
907 872 119
254 255 107
171 206 63
861 896 116
81 82 105
1047 1048 143
200 235 59
1025 1024 57
717 716 127
821 822 67
237 272 66
844 843 56
1218 1217 95
1110 1145 84
844 879 73
305 340 77
15 14 116
758 759 97
757 722 88
102 137 75
1224 1189 108
60 59 83
926 927 138
1185 1220 109
878 877 103
191 192 122
662 627 121
1042 1043 82
892 893 84
1062 1097 116
139 174 58
509 508 53
1123 1158 80
814 849 56
487 488 66
753 718 64
729 728 104
857 822 93
819 854 142
942 977 110
830 795 132
41 76 68
157 156 112
474 439 123
1075 1040 71
1187 1222 57
592 593 87
13 14 106
713 712 62
574 609 86
41 6 96
1219 1220 106
750 785 103
1211 1210 97
198 163 55
643 608 144
1183 1148 141
1204 1203 142
130 95 118
1223 1222 52
964 963 59
374 373 73
294 259 121
335 370 116
129 164 144
1029 1064 115
493 528 106
1157 1122 95
698 699 74
554 555 57
439 438 101
1176 1177 118
375 410 69
990 991 145
1061 1026 79
1134 1169 78
265 264 61
1014 1015 140
299 264 134
271 272 121
281 282 61
607 608 121
742 741 111
75 110 131
321 286 110
1035 1000 116
803 768 93
247 248 103
675 676 96
119 154 51
1153 1118 100
520 519 68
1105 1140 135
1130 1165 99
651 650 67
778 779 50
525 560 110
1003 968 149
1221 1220 89
842 807 108
123 88 72
893 928 60
1132 1097 108
580 579 81
343 344 113
689 690 81
144 145 115
115 150 130
1116 1081 108
301 266 74
64 29 99
84 119 105
852 851 97
466 465 132
878 913 138
651 686 135
834 835 66
538 503 81
715 716 60
285 286 80
960 961 148
131 130 142
1186 1151 61
726 761 68
129 130 51
1024 1023 99
288 323 69
940 939 113
630 629 114
748 747 103
59 94 139
1066 1031 116
870 869 88
902 867 81
794 759 113
291 290 125
1221 1186 76
397 396 78
440 441 89
395 394 62
180 215 96
731 730 144
1018 1017 120
794 793 134
159 194 56
801 802 88
1154 1153 131
261 262 102
1085 1084 55
599 598 118
633 634 50
647 646 83
416 451 64
877 912 118
809 774 115
535 570 147
1077 1042 96
72 37 126
120 155 50
517 516 101
310 311 101
917 916 55
1166 1201 148
1187 1186 53
747 712 94
440 475 74
429 430 69
430 395 125
662 697 73
479 478 89
1087 1122 126
1166 1165 149
880 881 130
46 81 140
700 665 91
839 838 141
374 409 85
803 802 126
734 699 56
400 365 138
321 320 105
943 978 149
578 577 72
435 470 63
875 874 120
594 595 84
863 898 91
470 469 70
985 986 63
974 1009 105
1079 1114 54
693 694 96
53 52 145
793 828 122
6 7 56
401 402 107
510 509 75
1135 1136 90
906 871 85
985 950 94
1175 1140 108
1012 1013 53
567 532 66
1162 1161 123
462 461 135
932 933 134
1126 1125 129
118 119 78
279 314 59
974 975 130
325 290 115
958 957 130
263 298 100
408 407 139
75 74 128
681 646 144
135 136 66
1103 1068 138
337 338 74
827 792 111
1162 1127 96
334 299 149
1011 1010 82
401 366 53
559 524 82
157 158 58
1012 1011 75
149 150 89
22 21 115
670 671 62
472 473 115
398 399 82
962 927 57
1092 1127 115
610 609 136
1058 1057 143
1139 1174 126
133 168 59
1124 1125 121
218 253 51
771 736 50
746 745 54
868 869 52
741 740 103
534 499 73
842 843 113
476 475 126
49 84 72
141 142 70
44 79 117
244 279 69
558 593 140
176 141 54
490 489 58
378 413 66
1188 1153 133
181 216 121
709 744 144
787 786 133
1128 1129 142
524 523 116
113 148 50
891 892 54
859 860 128
1096 1131 64
62 63 133
646 645 108
87 86 83
388 387 127
696 695 93
1099 1098 100
187 222 63
909 874 116
1022 1023 96
244 245 58
109 74 111
450 451 97
1184 1149 118
996 995 85
1198 1197 77
128 129 147
1131 1132 85
372 371 138
837 838 72
700 699 111
861 826 112
1214 1215 94
90 89 135
902 937 85
763 798 114
782 747 125
53 18 119
4 5 136
361 396 127
983 1018 139
1062 1063 126
970 971 117
70 69 95
719 718 134
495 530 122
949 914 135
103 138 107
523 488 63
575 540 94
23 22 129
647 648 94
642 677 136
529 530 130
550 585 106
654 619 148
103 102 63
205 240 85
956 991 140
649 684 89
94 129 102
514 513 69
686 721 99
291 256 121
367 366 126
720 685 114
133 132 126
583 584 111
1071 1106 76
631 596 88
148 183 100
170 169 129
1052 1017 65
501 536 146
550 515 97
820 819 81
225 190 149
1179 1178 139
746 747 134
905 904 65
540 541 78
254 253 117
1126 1127 142
345 346 120
517 552 123
207 206 103
32 31 148
1154 1189 136
899 898 149
899 900 73
567 602 72
932 967 99
993 992 59
569 568 123
916 915 54
887 852 107
735 770 122
7 42 91
579 614 58
968 933 85
1025 990 70
1080 1115 54
626 627 74
412 377 134
94 93 79
938 937 123
929 928 63
1045 1044 126
1040 1039 116
1052 1087 122
1215 1216 93
1179 1180 56
1026 1025 60
620 585 82
484 483 109
48 13 102
404 403 109
504 503 100
832 831 54
257 292 109
574 539 143
485 520 87
267 268 61
994 993 135
932 897 65
782 817 101
826 827 142
763 764 76
45 46 55
88 89 123
67 68 127
411 412 146
1157 1158 85
954 955 121
849 848 82
227 262 74
766 765 69
434 399 85
1006 1041 77
953 952 62
234 235 81
84 83 103
668 633 71
711 710 127
968 967 139
1030 995 93
198 199 79
418 417 56
380 415 87
436 435 57
505 504 62
873 872 96
384 349 147
490 525 115
1082 1117 105
1013 978 68
684 685 91
309 274 111
1003 1038 52
252 253 143
224 189 143
400 399 111
1107 1108 130
163 2
458 3
259 4
138 3
202 16
743 7
644 4
274 10
155 17
142 12
127 4
340 19
1121 17
129 1
577 9
336 12
373 5
745 1
1087 7
467 1
189 8
607 9
161 18
61 2
287 19
1122 17
678 11
744 20
682 19
1052 8
7 1
28 12
360 10
476 4
1054 14
462 17
886 3
842 17
83 6
67 11
12 8
46 1
506 9
304 16
323 2
157 9
239 19
101 18
107 9
492 17
165 19
1020 16
162 17
638 16
9 9
390 15
128 4
135 19
632 6
544 2
60 18
402 7
213 13
773 19
846 2
746 6
159 15
634 4
