3025 5940 159
8 63 117
1733 1678 98
2514 2513 57
2007 2008 76
636 637 113
1348 1293 144
1821 1766 76
1960 1961 143
1459 1404 84
1490 1435 126
2214 2215 62
1923 1978 147
2153 2208 111
1234 1235 58
804 805 148
1856 1857 78
1317 1262 119
2886 2887 68
2792 2847 93
1365 1310 121
347 348 122
748 747 148
2187 2242 117
2582 2527 90
431 430 147
22 77 62
2878 2823 121
649 648 138
532 587 135
783 838 50
1890 1889 122
1907 1906 103
1528 1527 59
3004 2949 72
1669 1724 118
2392 2337 61
2470 2525 112
1229 1228 93
246 191 54
2424 2423 85
614 613 53
961 960 117
1413 1468 110
518 463 109
2802 2801 105
509 454 131
2006 2061 142
286 287 123
1282 1337 59
1113 1112 108
2251 2306 90
2518 2463 72
684 739 132
90 89 134
2573 2572 50
916 861 94
2810 2811 68
2876 2875 132
2650 2651 120
325 270 125
2636 2691 55
679 734 56
429 374 144
1660 1659 101
620 675 77
2032 2033 136
2890 2835 133
1312 1313 72
435 490 128
19 74 107
1388 1389 79
2318 2317 136
2795 2740 67
1829 1774 127
1659 1658 116
2636 2637 115
2910 2909 63
2610 2555 71
817 762 105
820 875 65
1623 1624 136
1938 1937 51
775 776 64
2843 2842 138
2481 2482 83
1447 1446 72
801 802 52
2550 2549 111
2124 2123 84
1572 1573 109
353 354 145
703 758 74
2178 2179 98
154 153 69
1230 1175 71
1996 1941 87
593 594 90
2258 2313 80
89 144 64
238 293 100
1968 1913 69
861 860 64
1781 1780 136
650 595 143
1012 1067 68
2996 2997 70
1378 1377 78
2325 2380 75
1833 1888 91
1012 1013 133
454 399 133
2364 2365 73
2279 2334 61
400 399 132
971 916 77
2212 2211 78
2009 2064 56
2136 2137 69
2890 2945 120
2632 2687 114
1052 1053 118
46 101 103
534 479 131
2079 2134 127
1308 1309 124
2804 2803 87
946 1001 135
628 629 84
725 726 119
1483 1538 127
2030 2031 99
96 151 144
1203 1202 98
1718 1773 101
360 415 80
1689 1688 108
742 741 102
1036 1035 98
508 507 91
1722 1721 109
760 815 140
226 171 76
1665 1666 111
2768 2823 74
986 985 126
278 279 77
852 907 58
749 750 135
70 125 90
2288 2287 129
1891 1946 54
1917 1862 71
2332 2333 51
2351 2296 91
630 631 97
717 662 60
1054 999 100
2498 2553 115
1718 1663 146
494 549 144
1450 1395 94
402 403 53
2634 2635 98
2961 2962 114
2606 2607 79
1016 1015 108
646 701 131
2107 2162 140
1591 1592 51
941 942 126
1469 1524 135
1476 1421 140
181 126 125
928 927 100
1728 1783 99
2076 2021 99
531 530 121
111 166 51
2933 2932 94
2520 2521 109
617 672 59
2141 2140 110
2576 2577 51
835 836 126
2240 2185 136
2346 2291 105
463 462 94
1117 1116 108
261 206 55
1941 1940 93
2205 2260 56
700 755 102
2555 2500 98
2763 2762 98
117 116 121
757 756 69
1379 1324 78
566 511 125
1955 1956 83
962 1017 135
2653 2654 59
1280 1281 93
1407 1406 88
156 157 74
1573 1518 65
260 261 51
2739 2684 114
219 164 52
298 243 109
1474 1475 108
1001 1002 59
690 635 113
1495 1494 110
2270 2215 69
2184 2129 145
2325 2326 115
376 377 147
2955 2900 59
130 75 65
2057 2056 132
1752 1753 103
2378 2377 105
1204 1205 139
1993 1938 133
2263 2318 61
2001 2000 80
846 847 72
1282 1283 111
2588 2589 135
869 814 77
437 492 87
1972 1917 86
1055 1056 56
2431 2376 71
1976 1975 80
1878 1877 105
1053 1108 89
1520 1575 56
2732 2733 121
1646 1591 78
1026 1081 132
265 266 104
380 435 54
2567 2566 88
291 236 98
1875 1874 123
2960 3015 112
1691 1636 122
1793 1794 108
2886 2941 143
2165 2110 51
2660 2715 127
979 1034 112
1544 1489 70
2195 2194 74
2891 2946 65
1552 1553 109
1916 1915 60
2551 2496 87
1181 1182 107
1674 1673 115
765 820 73
2383 2438 94
976 1031 98
2526 2581 96
2224 2225 145
2043 1988 92
1626 1627 90
1440 1385 57
142 143 140
2159 2104 111
575 630 87
1740 1741 129
1243 1188 85
676 731 97
2328 2383 56
258 203 125
2678 2623 95
1171 1170 79
2461 2460 123
206 151 89
2542 2487 125
609 610 143
299 298 89
3000 2945 81
2893 2892 134
2931 2986 89
2439 2440 114
2247 2246 123
2568 2623 141
1441 1386 146
2188 2187 136
760 705 129
1449 1448 92
2121 2122 78
782 837 138
1863 1864 139
2441 2386 52
2664 2665 84
1822 1767 137
289 234 124
1851 1852 60
2245 2300 148
912 967 139
1126 1125 128
1002 1057 142
2480 2479 80
536 537 148
718 717 63
2822 2767 71
2993 2994 63
1401 1346 112
2982 2983 126
2771 2826 138
2295 2350 107
593 648 78
2460 2459 50
512 513 99
203 204 114
966 967 119
61 60 121
2779 2834 68
1227 1226 146
2322 2323 112
1105 1106 111
469 468 54
246 247 99
2977 2978 126
1889 1888 132
1248 1247 90
1686 1631 143
457 458 72
1711 1710 56
792 847 93
2632 2633 112
1585 1640 115
1673 1618 128
1114 1059 136
2797 2742 102
2150 2151 87
494 439 138
953 952 138
2323 2268 61
2948 2949 64
1918 1917 83
2842 2897 134
1579 1634 124
2984 2985 73
1263 1318 132
2690 2691 105
1792 1791 81
1554 1609 132
2770 2769 106
1792 1737 86
1448 1503 71
80 79 123
2674 2673 68
715 660 148
1187 1186 80
1774 1773 76
2342 2287 121
517 518 96
1142 1143 71
543 542 80
488 433 138
2796 2795 50
706 705 56
2647 2646 130
1369 1370 54
2703 2702 72
2402 2401 144
2960 2959 85
949 948 111
1651 1596 96
2210 2155 148
2654 2599 60
1977 2032 137
38 93 118
1079 1080 76
1377 1432 114
242 297 86
244 299 135
2062 2117 149
1287 1232 58
2128 2073 88
967 968 131
683 628 79
2902 2903 100
1828 1829 103
1852 1853 135
2265 2320 123
2359 2414 76
70 15 102
2452 2507 71
2535 2590 146
1642 1641 94
59 60 104
505 450 76
336 281 101
1090 1091 111
1065 1010 118
612 613 124
2080 2135 64
1129 1184 90
1162 1161 123
1245 1300 73
976 977 124
639 584 109
605 660 97
43 42 59
2665 2666 120
3009 2954 78
1587 1588 137
412 357 80
2749 2804 91
1879 1878 77
1707 1762 135
1385 1386 110
2098 2097 128
1981 1982 68
2374 2373 128
1193 1194 100
429 430 145
2710 2709 81
2183 2128 144
614 669 141
2194 2193 95
1403 1348 91
2596 2597 76
1422 1421 72
480 535 112
1724 1779 80
935 880 54
639 694 148
1032 1087 140
1342 1287 136
2673 2618 65
1232 1233 75
1680 1735 99
57 58 107
279 280 98
1719 1774 111
237 238 122
1094 1149 80
2694 2695 76
1798 1797 68
2199 2200 57
1601 1602 138
2422 2421 88
2290 2291 147
1851 1796 109
1564 1509 104
1039 1094 121
2961 2960 87
2516 2515 138
481 482 119
966 1021 97
1995 2050 84
2659 2604 134
2794 2793 119
2133 2188 120
629 684 101
1167 1166 86
1649 1648 142
644 643 131
2638 2583 58
2393 2392 75
1478 1533 117
1193 1248 143
919 974 123
489 434 53
1445 1500 120
1379 1380 74
2752 2753 123
1034 1033 71
2429 2484 73
367 312 80
924 925 122
485 484 67
433 434 144
779 778 56
1725 1780 142
1894 1839 118
1739 1684 133
2712 2711 118
68 13 145
1068 1067 149
1563 1508 123
2719 2774 71
1344 1399 87
2039 2038 90
2937 2992 136
2493 2492 85
2244 2243 140
1836 1891 73
1675 1730 53
1242 1187 140
1346 1291 66
163 164 109
2574 2629 73
795 740 107
1583 1584 100
2633 2688 85
435 434 134
2604 2603 123
160 159 50
929 928 84
2098 2153 134
1154 1099 147
173 174 75
1092 1037 60
950 895 104
1498 1553 78
2723 2722 112
2726 2725 73
2841 2896 116
2622 2677 58
1739 1740 90
468 523 141
673 672 55
438 439 148
645 590 128
2107 2108 93
1947 1948 55
2334 2333 139
2404 2403 64
1356 1301 62
571 626 54
1356 1411 93
1830 1885 82
1691 1746 106
609 664 148
2140 2085 117
985 984 63
1568 1569 66
2162 2217 77
1998 2053 125
2219 2218 101
700 701 73
1195 1196 113
515 570 89
95 94 66
283 228 52
757 812 94
586 585 88
737 738 62
480 479 128
2985 2986 114
709 708 51
619 564 58
2743 2742 97
1622 1567 86
2541 2596 146
894 893 94
2057 2002 145
787 842 134
2931 2876 91
1163 1218 88
1901 1846 70
1992 2047 139
2587 2588 112
1233 1178 59
2638 2637 113
1292 1237 88
1042 1041 52
1399 1400 84
1285 1284 87
822 877 125
1328 1273 59
1306 1307 55
1672 1671 82
2475 2474 94
175 120 91
313 314 119
1363 1308 67
1242 1243 73
683 682 61
2112 2057 74
2790 2791 108
899 844 89
751 696 115
2848 2849 64
165 110 146
1378 1433 138
1362 1363 116
666 611 65
2588 2643 84
1816 1761 125
47 46 143
280 335 138
401 402 52
2141 2196 144
1069 1014 99
1575 1630 138
3017 3016 83
707 706 122
2834 2833 103
437 436 104
147 202 131
2817 2872 110
78 77 90
592 591 99
732 733 136
1701 1756 52
2973 2918 119
560 615 92
735 680 56
1005 1060 87
568 513 108
265 264 113
2050 2051 106
72 71 93
2471 2472 76
274 219 114
1968 1967 93
2847 2848 108
1040 1039 101
444 443 108
1587 1586 82
1762 1763 118
1749 1748 104
1794 1795 126
2589 2534 52
11 10 66
1540 1485 92
1136 1081 55
2364 2363 121
2603 2658 63
360 359 147
381 380 107
1814 1815 103
778 723 126
1736 1791 73
1186 1241 95
1279 1278 148
2841 2786 62
2681 2736 130
2225 2280 115
688 743 56
1699 1754 145
859 914 115
659 714 149
1156 1157 50
2125 2180 136
2932 2877 143
1144 1143 140
366 421 60
2614 2615 104
1804 1803 102
2072 2071 142
279 334 119
993 1048 104
938 883 147
2264 2265 85
788 733 104
2906 2851 101
1443 1388 133
1189 1188 110
1207 1208 117
1786 1787 131
2354 2299 139
1041 1040 109
2532 2477 91
1329 1330 135
2517 2516 119
1898 1897 145
2360 2361 136
2478 2533 89
2038 1983 120
1904 1903 136
2416 2471 108
626 625 145
2246 2245 142
1587 1532 75
949 950 103
420 365 123
1536 1537 84
1440 1495 144
1254 1255 100
122 67 119
649 650 62
530 529 108
1184 1239 117
3024 3025 83
2728 2673 127
930 875 63
889 888 63
1259 1260 78
91 90 118
33 88 67
1389 1334 115
342 343 66
3012 2957 77
2519 2520 77
599 544 143
2277 2222 147
997 942 64
1838 1839 58
1961 1906 60
1590 1589 72
803 802 115
746 745 124
1999 2000 145
1119 1174 137
866 811 110
1740 1685 87
263 262 149
1424 1423 127
847 848 65
1807 1862 54
1847 1902 55
2207 2152 115
2018 1963 63
1679 1624 54
344 289 69
1848 1903 60
1801 1802 63
2989 2990 116
1513 1512 89
406 351 74
1529 1528 60
1957 1956 127
1963 1964 64
2642 2643 86
2008 1953 64
340 341 139
1696 1751 96
2748 2693 141
1880 1879 82
1634 1635 133
2918 2917 124
1044 989 137
2590 2591 132
1955 1900 99
1217 1216 109
914 913 74
2669 2614 137
153 152 129
2389 2388 109
2628 2629 85
2460 2515 110
1530 1585 96
1021 1022 133
2827 2772 116
2669 2724 87
2855 2800 121
1355 1410 96
665 610 54
2165 2220 114
2994 2939 51
1100 1099 80
570 571 95
2982 2927 129
1681 1682 73
1369 1368 94
2134 2135 119
2189 2134 136
178 123 113
1935 1990 106
1297 1242 140
1987 2042 132
100 99 60
1277 1222 122
522 577 59
1104 1103 121
2576 2575 114
2372 2317 91
361 306 121
930 931 88
145 200 65
3000 3001 54
85 140 141
19 20 101
1338 1337 62
1732 1787 138
2204 2259 104
1041 986 66
1239 1240 54
2269 2270 132
368 313 127
866 865 78
663 664 56
1767 1766 53
180 179 144
1126 1071 125
349 294 126
2579 2524 144
602 601 124
29 28 124
2337 2338 55
2631 2630 143
2185 2184 136
1099 1044 77
1789 1844 99
864 863 105
537 482 116
2275 2330 123
449 448 55
2701 2756 104
2809 2808 72
1443 1444 111
2773 2828 111
803 748 119
2136 2135 54
194 249 124
2617 2618 61
873 872 123
2292 2237 130
865 864 89
1364 1309 64
2435 2490 110
2163 2108 132
169 114 56
1422 1477 116
2915 2970 89
1450 1505 92
2584 2585 88
193 194 109
451 450 141
2678 2733 105
1806 1751 76
1003 1004 86
160 105 117
2385 2440 102
1835 1890 148
767 712 55
2961 3016 102
2429 2374 98
892 947 129
1184 1185 72
2125 2124 52
418 417 121
943 944 71
1963 1962 53
1515 1570 97
1901 1900 84
2860 2859 127
1369 1424 122
1795 1740 141
2201 2146 105
457 402 146
1519 1520 53
1245 1246 102
257 256 108
1648 1647 115
2242 2243 52
131 76 147
1307 1362 113
361 416 59
2814 2813 137
357 358 128
734 733 79
695 640 145
165 164 54
2638 2693 132
574 629 129
323 324 122
1599 1598 80
2510 2565 136
2778 2833 106
2027 2028 71
2739 2794 73
2637 2692 86
2920 2919 143
762 761 56
2856 2857 51
1253 1254 55
1926 1927 141
734 789 138
82 137 141
1272 1273 106
2083 2138 51
473 474 107
2798 2743 55
1350 1405 122
1793 1738 50
2456 2455 121
2455 2400 117
2548 2549 64
979 980 55
2418 2473 142
776 721 54
1409 1354 91
175 176 100
1030 975 94
1954 1899 102
908 909 113
1325 1270 82
1581 1580 86
547 492 67
2880 2935 100
1905 1904 107
103 104 142
1183 1182 132
2234 2233 135
1163 1162 129
2957 2958 96
623 624 77
1796 1797 134
2107 2106 119
1290 1345 120
1438 1383 82
1294 1295 76
921 976 109
2432 2431 52
2878 2879 77
2953 2954 147
2322 2321 76
2969 2968 112
2449 2504 98
737 682 98
2003 2004 79
2295 2296 66
1796 1795 84
1653 1708 88
588 589 130
2231 2176 79
722 723 97
255 310 78
1874 1929 73
2576 2631 88
1375 1430 85
1658 1603 89
399 344 126
2362 2361 72
1871 1816 51
816 871 107
2092 2093 66
2339 2284 89
323 322 75
1564 1565 109
2595 2594 89
2484 2485 71
16 71 98
902 901 146
1710 1655 134
1960 2015 76
2614 2559 71
426 371 82
405 350 117
1534 1535 124
1418 1473 126
1332 1331 100
1378 1323 58
2013 2014 98
2980 2925 118
491 490 92
663 608 149
2304 2249 147
157 212 119
1608 1553 73
2187 2186 81
1329 1274 74
1166 1221 117
1729 1784 99
1994 2049 113
149 204 56
428 373 109
2531 2586 134
876 877 96
2131 2186 55
2012 2013 145
2417 2418 75
2434 2379 117
1077 1132 97
162 163 69
912 913 91
2140 2195 70
1930 1929 52
513 458 72
1990 1991 75
1225 1170 130
1300 1299 126
602 547 137
2821 2820 61
1482 1483 99
1487 1486 54
342 341 67
2144 2199 94
618 673 106
504 449 123
2794 2795 111
963 964 76
1661 1660 130
752 751 74
2375 2376 135
1499 1498 141
2701 2700 82
1178 1177 110
684 685 134
2485 2486 108
901 956 91
2487 2488 81
827 882 146
2616 2615 96
1601 1600 116
3005 3004 79
857 802 136
2690 2635 115
408 463 138
2011 2010 74
1388 1333 89
1022 967 92
1418 1417 136
1385 1384 145
1322 1267 77
2325 2324 55
858 913 70
516 571 80
2975 2976 113
2412 2413 119
218 217 50
2656 2657 62
2009 2010 108
724 669 106
2059 2114 117
2091 2146 74
1437 1492 149
2966 2967 131
1650 1595 123
271 216 58
1667 1722 84
440 439 122
894 949 103
2699 2754 73
988 1043 133
420 475 99
1544 1543 93
980 981 71
231 176 89
1331 1330 149
2722 2777 111
2506 2505 118
888 943 92
158 213 147
1207 1206 81
2741 2796 118
1872 1871 121
192 247 122
725 724 145
376 375 143
1477 1478 137
1782 1781 63
1305 1360 107
2658 2659 133
953 954 113
1094 1093 109
116 171 56
2029 1974 86
445 446 79
1876 1821 66
1571 1572 141
296 297 76
115 114 126
832 887 90
2773 2772 95
239 184 99
272 273 78
886 887 117
2851 2850 98
587 588 136
216 215 87
2984 2929 89
1505 1506 74
222 167 146
1043 1098 63
2564 2565 64
2610 2665 98
1932 1987 69
253 198 92
2570 2515 146
493 492 143
1522 1577 74
1786 1731 62
1778 1777 61
1321 1266 95
1007 1006 126
1047 1046 96
1223 1278 129
654 655 145
1863 1808 74
348 403 90
1595 1540 115
527 582 85
2781 2836 115
973 1028 94
2867 2922 119
1807 1806 62
2202 2147 64
2850 2905 138
662 661 87
2382 2437 76
2658 2713 119
727 782 132
1886 1887 93
1516 1461 77
1814 1813 140
1956 1901 60
1111 1110 110
1522 1523 93
936 881 126
1227 1172 89
1012 957 78
230 229 141
372 317 78
2529 2528 70
1947 1892 63
2828 2827 81
48 49 121
853 852 84
2103 2104 145
690 691 84
357 356 83
1584 1639 94
57 56 92
2660 2659 69
1687 1688 77
792 793 114
2608 2607 112
2155 2154 52
2620 2621 136
2545 2490 57
2408 2463 124
2182 2127 136
654 653 54
1270 1215 62
277 276 137
2198 2253 86
2513 2568 92
2773 2774 116
977 922 70
856 855 105
1702 1701 97
1882 1881 56
1063 1062 128
2106 2105 53
1479 1424 86
2503 2448 119
2324 2379 52
1042 987 57
830 885 82
2232 2231 60
2553 2552 119
303 304 142
2900 2901 81
2091 2092 51
2149 2094 97
1711 1712 52
1970 2025 130
594 649 58
9 64 123
23 22 77
2616 2561 124
441 442 73
1881 1936 58
2698 2697 89
2011 2012 104
671 670 62
606 661 149
247 302 138
1589 1644 64
520 465 135
841 786 147
2748 2747 57
2291 2236 102
1626 1571 138
575 520 129
1873 1872 137
1923 1868 66
24 25 136
720 721 95
322 267 66
1903 1958 76
2887 2888 126
2866 2811 82
1988 1989 58
2214 2269 55
676 621 61
2849 2850 135
1283 1228 82
1919 1918 136
1504 1505 64
1530 1529 89
2404 2349 73
2453 2452 118
2760 2705 81
1434 1379 136
381 436 67
1479 1480 78
1228 1227 87
1390 1335 111
659 604 61
1675 1676 93
1689 1634 71
2974 2975 144
1088 1087 119
498 553 127
995 994 100
1913 1914 91
2620 2619 74
2508 2507 136
1684 1683 124
100 155 57
1328 1329 134
759 760 139
2642 2587 99
778 777 121
1131 1132 71
2775 2830 85
2969 2970 148
96 41 149
898 897 64
344 345 56
1429 1430 143
927 872 143
2635 2580 58
1486 1431 126
937 936 101
1363 1364 81
2084 2083 122
1826 1827 110
1104 1049 73
2152 2097 83
1088 1033 51
3006 2951 141
708 653 100
2832 2777 68
1436 1437 117
258 257 134
1939 1994 74
2661 2606 131
1470 1415 106
782 783 70
1109 1054 144
2421 2366 96
1495 1550 73
2884 2883 89
2720 2665 144
1916 1917 146
644 645 143
2926 2925 97
1789 1790 80
5 6 62
236 237 93
2362 2307 64
333 278 76
936 991 54
1637 1636 56
2122 2123 144
2548 2603 129
2979 2924 120
2236 2181 54
214 213 56
2048 2049 131
1156 1211 144
1511 1456 143
578 633 73
1466 1467 110
2326 2271 76
2445 2444 134
1616 1617 76
1173 1118 138
1662 1661 96
617 618 61
2967 3022 148
830 775 135
1507 1562 148
2360 2359 127
2670 2725 138
119 118 108
1828 1883 88
1729 1728 78
2786 2731 77
1183 1238 98
1113 1058 145
986 931 96
2259 2260 146
1519 1574 107
2507 2562 83
2746 2747 84
1116 1061 61
27 28 102
1551 1550 59
1834 1779 115
1204 1149 142
321 320 134
917 972 77
876 931 145
1318 1319 103
2504 2505 110
2824 2825 131
2908 2963 124
2493 2438 94
1468 1467 121
40 39 50
1945 1890 111
2255 2254 127
493 438 123
1140 1085 144
799 800 138
3014 2959 64
2496 2497 71
2349 2348 87
917 916 97
2714 2769 63
2292 2291 92
808 809 67
2003 2002 73
368 369 50
2476 2477 141
1435 1436 53
329 330 66
1085 1084 115
2509 2508 122
2306 2307 81
1934 1989 101
3013 3012 87
954 955 140
987 988 143
649 704 118
95 96 147
2193 2248 102
1983 1928 129
569 568 79
2986 2987 123
310 311 134
292 237 123
622 677 60
829 830 143
730 785 104
1896 1895 96
373 372 72
985 930 80
1992 1991 59
1417 1362 53
646 591 132
1716 1771 90
2713 2714 117
220 219 64
2695 2750 101
1727 1672 67
1425 1426 66
1264 1319 138
1433 1488 134
1457 1512 62
2004 1949 57
1172 1171 146
2401 2346 144
2470 2471 96
2616 2671 104
1818 1763 83
1746 1801 52
1880 1825 124
1259 1204 95
1452 1507 68
2434 2435 130
2865 2864 82
731 732 79
816 815 129
604 549 105
2021 1966 54
1668 1723 52
1121 1120 97
187 132 81
1254 1309 55
41 40 97
424 425 75
1719 1718 114
1168 1223 73
2803 2748 142
1675 1620 55
1011 1012 130
211 266 75
2820 2819 113
391 446 76
1779 1780 97
1471 1416 134
903 904 86
1207 1152 101
259 258 79
145 146 107
1640 1639 96
2126 2181 128
1703 1704 84
203 148 69
59 4 144
142 87 53
18 73 117
2589 2590 85
2192 2247 134
580 581 102
2716 2771 147
761 816 136
1371 1316 73
2302 2301 54
2374 2319 95
934 879 132
507 506 94
1079 1134 104
2026 2081 64
1794 1739 107
2095 2150 52
1609 1608 85
2006 2005 143
1911 1966 101
1898 1953 86
316 315 64
334 333 145
1231 1286 120
2392 2391 139
1861 1860 122
1252 1253 138
2645 2646 79
2642 2697 116
379 378 113
2304 2359 111
400 455 143
1715 1660 87
330 385 83
2878 2877 104
533 588 111
1731 1730 94
90 35 78
491 436 125
2655 2654 108
1806 1861 128
824 825 52
506 561 86
1013 958 101
729 728 69
992 993 89
2422 2477 140
1842 1897 93
2146 2147 66
1935 1936 61
2957 2956 115
121 176 116
441 386 149
2719 2720 98
2374 2375 147
501 446 92
1910 1909 139
318 319 96
304 305 129
1700 1645 135
2283 2338 117
1424 1425 128
773 718 111
2055 2110 87
2316 2261 100
2526 2527 50
2649 2594 122
141 142 126
1760 1705 63
2245 2190 99
1155 1210 86
2163 2162 140
762 707 141
2273 2274 57
224 169 135
1066 1121 71
2005 2060 71
2929 2930 111
841 842 76
290 235 61
248 249 149
685 740 146
2950 2951 80
1420 1421 97
884 883 51
1280 1225 56
2639 2638 94
2076 2077 65
938 939 82
2843 2898 109
1893 1892 117
1018 1073 123
763 818 134
981 982 72
91 92 83
2187 2132 141
1508 1453 147
313 258 59
379 434 61
791 846 121
2841 2840 55
167 112 52
2644 2645 75
2541 2540 88
1442 1387 90
2020 2019 128
2571 2570 83
1427 1372 97
155 156 136
932 931 82
892 891 52
1219 1218 106
2347 2348 112
432 377 130
719 720 72
605 550 141
2513 2458 131
2457 2402 131
1538 1539 113
1954 1953 66
858 803 70
1663 1664 64
286 341 148
1477 1476 74
1939 1940 132
745 800 57
1127 1182 134
563 564 138
160 215 131
428 483 74
2738 2683 74
2693 2692 137
1927 1872 63
1674 1675 113
1552 1607 142
1245 1244 133
1434 1435 128
138 137 68
1252 1307 60
2938 2993 114
904 905 53
2521 2466 130
64 63 137
615 614 135
2203 2148 91
2223 2224 78
2449 2394 79
31 30 72
2831 2832 86
2589 2644 120
1296 1297 119
112 111 142
1114 1113 52
2896 2895 77
607 608 59
891 836 110
1617 1672 65
2965 2964 101
596 597 112
2390 2335 125
1636 1581 53
1221 1222 71
832 833 121
2002 2001 77
2172 2171 131
2912 2857 85
2458 2457 105
985 1040 100
2384 2329 145
1271 1272 76
1023 1024 71
1401 1402 119
1887 1942 129
1531 1532 93
2423 2422 111
1108 1109 99
1027 1028 124
2079 2080 99
1187 1188 115
2296 2297 55
2082 2081 79
2171 2116 148
210 211 123
385 440 148
1115 1170 128
448 503 74
722 777 64
2068 2067 138
1332 1333 116
1081 1080 137
846 845 52
2790 2845 146
2356 2357 60
1772 1771 76
2946 3001 127
2198 2199 125
31 86 127
449 394 97
1797 1852 75
738 683 72
1997 1998 123
339 394 58
124 123 142
2429 2430 83
625 680 82
1514 1513 139
182 237 111
2417 2362 64
2213 2214 136
1451 1396 50
2941 2940 75
1141 1140 124
2289 2344 50
2377 2322 106
1293 1292 68
2717 2718 83
1561 1560 126
2854 2853 128
2020 2075 92
2099 2154 128
3021 3022 135
1458 1513 110
2825 2826 107
181 182 72
2345 2400 117
511 512 109
1393 1448 147
1026 1025 148
1779 1778 56
2640 2695 77
2936 2991 86
2341 2342 65
1789 1788 108
1471 1526 135
2410 2465 60
575 576 76
834 833 86
180 181 147
530 475 62
638 639 139
860 915 92
1391 1390 126
1562 1617 84
2298 2243 143
2964 2963 135
857 912 67
440 495 135
1142 1087 89
656 655 81
200 255 145
1976 1921 90
859 858 142
80 135 109
1992 1937 72
2686 2685 111
2325 2270 53
272 327 114
1074 1129 98
2311 2256 109
36 35 142
2281 2282 64
2965 2910 68
2178 2177 144
2957 2902 96
627 572 84
1921 1920 72
20 75 116
2467 2468 57
498 443 106
2683 2628 98
854 799 94
2025 2026 123
1046 991 134
198 197 110
2114 2113 65
2818 2819 89
539 538 111
2917 2972 134
2532 2533 117
537 592 135
1216 1215 77
210 265 82
1236 1235 124
678 623 120
1940 1995 70
3007 3008 102
186 241 72
2504 2503 75
579 580 101
533 532 51
37 92 139
332 277 101
2237 2236 53
1611 1610 61
1008 1009 119
1933 1934 78
1599 1600 106
2068 2123 91
2960 2905 101
1981 1926 115
351 350 131
1748 1747 141
1662 1663 145
697 642 112
2604 2605 104
530 585 66
39 94 59
58 3 97
1709 1710 104
1257 1258 136
2928 2927 56
1050 1051 121
878 823 76
698 699 148
2130 2129 77
504 503 54
1240 1295 83
1798 1799 114
740 741 115
572 517 76
2824 2769 145
1730 1785 65
2384 2439 111
2086 2087 122
2176 2175 74
382 437 140
3016 3015 75
2582 2581 148
558 557 127
991 992 135
2393 2394 61
2007 2006 114
1845 1846 139
2127 2126 126
304 359 110
2729 2784 128
930 929 98
2244 2189 65
2715 2714 110
2183 2182 74
431 432 147
573 628 69
328 383 77
2185 2130 128
2825 2880 67
1908 1907 110
2955 2954 106
1951 1950 79
1978 1979 108
1632 1687 102
1570 1571 110
2798 2799 127
2956 2901 126
573 574 120
578 579 81
408 407 74
2168 2223 111
1541 1542 53
1855 1800 115
999 998 147
1757 1702 98
465 466 118
2509 2510 85
2368 2313 52
2974 2973 53
888 887 65
297 352 87
1610 1665 127
2157 2156 86
2713 2712 103
200 199 96
551 606 97
1565 1620 76
2945 2946 51
146 91 133
621 622 128
2078 2077 58
2066 2067 86
2328 2327 146
1218 1273 142
2466 2465 95
2459 2404 69
1316 1315 101
2183 2238 50
1814 1759 146
213 268 108
1349 1350 134
2845 2900 104
1189 1244 106
1351 1350 103
1539 1540 56
796 851 73
80 81 132
1761 1706 64
34 89 52
2822 2823 132
3020 3019 64
196 195 84
1149 1148 100
1493 1438 107
129 130 91
2857 2802 142
1843 1842 71
765 764 137
2100 2155 52
392 447 72
432 433 126
889 834 77
1234 1179 59
287 232 91
1582 1527 149
1501 1446 60
1069 1068 131
2219 2164 133
1061 1006 82
659 660 131
2254 2199 57
1832 1831 100
911 910 70
862 807 61
1842 1787 79
1788 1733 137
611 612 132
1340 1341 119
409 354 109
902 957 52
1724 1723 140
1212 1157 74
307 252 112
548 493 104
1108 1163 149
34 33 69
1631 1576 58
2783 2728 138
2279 2278 108
1137 1082 58
83 28 86
1632 1577 147
1069 1070 112
2950 3005 60
2166 2165 131
2746 2801 82
1957 1902 79
2943 2942 144
321 266 66
1025 1080 139
1269 1324 85
2833 2888 125
2130 2075 131
1752 1697 78
1811 1810 64
1907 1962 81
2031 2086 134
975 976 118
1441 1496 97
2784 2839 121
2706 2707 145
1011 1066 53
1207 1262 115
2655 2600 70
2801 2800 99
1534 1479 99
2942 2997 72
2647 2648 81
1381 1326 89
2267 2322 97
339 284 98
827 828 105
553 608 108
2544 2545 132
990 989 108
2389 2444 87
285 284 112
1397 1452 132
1686 1685 139
2136 2191 110
1504 1559 65
1736 1737 124
2855 2854 88
1278 1333 143
2873 2928 120
1830 1831 85
61 62 120
378 377 53
2286 2287 121
2216 2215 136
2999 2998 141
1975 1920 85
2297 2242 66
965 910 82
1090 1035 121
1100 1045 146
2914 2915 57
94 149 126
1692 1637 130
598 543 125
148 149 59
333 332 71
1026 971 56
2865 2920 109
2221 2220 111
2193 2138 108
1810 1755 71
546 545 60
1933 1932 112
222 221 144
2786 2785 138
562 617 122
1817 1816 115
914 969 90
953 898 119
2664 2719 98
1403 1458 133
147 92 59
2543 2542 143
2440 2441 120
1700 1755 68
2972 2973 61
921 866 72
54 55 78
2455 2510 115
223 224 120
281 280 67
668 669 50
131 132 144
1597 1652 129
1463 1462 62
987 932 143
189 188 146
5 60 86
775 774 124
301 302 98
2988 2989 137
2838 2837 133
2557 2502 83
2406 2405 95
3002 3003 136
1973 1918 105
1358 1357 111
2985 2930 87
2033 1978 98
835 890 120
2298 2353 94
2425 2424 106
1547 1548 67
1063 1064 84
1034 1089 53
572 573 86
1147 1202 143
1790 1845 101
1377 1322 133
464 519 79
2567 2512 66
2672 2617 126
934 933 142
1994 1993 87
2372 2427 84
375 320 103
471 526 73
1971 1916 72
1772 1773 55
1919 1974 86
1487 1542 140
1854 1799 100
1010 1011 147
97 96 117
562 563 100
1566 1567 56
1521 1576 135
2687 2688 145
1335 1336 50
1865 1920 120
1551 1606 142
2886 2831 114
1612 1611 134
1256 1257 57
1575 1576 97
2934 2935 52
2758 2757 71
1683 1682 127
2061 2062 104
1103 1158 100
1250 1251 143
1008 1063 72
1532 1533 141
1854 1855 110
562 507 104
1697 1696 79
2936 2937 56
1237 1236 63
989 988 133
2331 2276 135
917 918 119
93 92 70
2366 2367 142
1053 998 110
1397 1342 144
1109 1164 105
517 516 69
341 396 119
665 720 50
171 172 107
1241 1296 63
2794 2849 55
2388 2387 81
2859 2914 112
1975 2030 93
2439 2438 147
974 1029 137
2789 2734 104
161 160 68
1578 1633 128
2298 2299 75
209 264 53
2351 2406 66
1315 1314 60
396 397 57
1096 1095 124
1453 1454 55
594 539 141
2095 2096 52
2227 2228 104
709 654 55
2861 2806 60
2330 2385 122
1588 1643 126
1415 1360 129
2265 2266 57
2121 2176 142
2894 2839 54
1295 1350 90
2346 2347 78
2632 2577 83
348 293 69
2039 2094 136
721 722 76
582 583 118
1394 1395 88
267 268 134
780 835 120
902 903 66
1646 1701 53
312 257 55
2378 2323 53
1101 1046 76
814 759 60
807 808 75
2839 2840 115
771 772 143
2060 2061 98
1581 1582 96
1020 1021 74
2630 2575 57
138 193 91
2009 1954 64
1650 1649 53
2929 2928 112
1268 1267 128
2206 2151 120
370 425 70
2956 3011 143
2381 2382 64
852 851 71
2066 2011 79
675 730 65
839 894 100
1800 1745 54
1472 1417 126
1231 1230 139
1714 1713 56
2411 2466 83
601 656 137
2089 2034 67
1156 1101 116
2758 2703 101
88 89 85
563 508 119
2737 2682 118
2362 2363 130
692 637 110
754 699 129
2617 2616 58
2577 2578 88
170 115 149
495 494 56
2150 2205 133
2031 1976 118
833 888 140
1482 1481 138
2360 2415 126
2827 2826 97
428 427 138
693 694 114
2483 2484 60
1224 1279 108
246 301 93
223 222 83
2667 2612 123
1532 1477 90
1819 1818 101
799 798 133
565 566 92
1625 1624 55
948 893 142
2780 2725 91
106 161 86
2607 2662 133
1844 1843 106
1603 1602 135
2951 2952 97
2248 2247 91
190 191 135
335 390 143
947 948 148
1221 1276 85
659 658 135
748 749 85
2307 2252 71
1747 1802 62
2495 2494 139
1815 1870 83
27 82 92
642 643 53
1337 1336 69
355 410 67
548 549 138
1745 1746 106
2769 2768 135
1383 1384 85
1147 1146 138
711 656 138
2763 2708 91
2542 2541 54
1403 1402 118
2569 2568 130
1345 1344 121
1562 1563 85
2912 2911 136
2016 2017 114
1034 1035 81
2776 2831 122
1820 1765 94
1698 1643 94
703 702 133
1777 1776 118
901 900 52
2433 2434 50
673 674 134
1387 1388 113
2082 2083 71
1923 1922 63
510 565 59
1067 1066 60
2232 2233 141
1686 1741 52
305 360 62
1551 1552 95
215 214 57
2262 2261 92
2688 2689 123
1217 1162 67
945 890 121
1632 1631 73
279 224 72
2075 2076 109
468 467 132
2735 2680 142
214 159 124
716 771 89
2227 2226 130
2346 2345 142
942 887 122
420 419 104
412 411 81
2250 2305 124
1470 1525 61
1524 1523 81
487 432 111
625 570 88
759 704 95
2582 2583 80
137 136 125
2442 2497 121
168 167 78
770 825 68
1199 1198 58
1594 1595 56
2128 2129 102
686 687 61
651 596 58
1066 1065 89
2358 2359 131
2395 2450 105
2188 2189 79
2230 2229 79
1460 1405 97
120 65 56
1009 1010 136
1039 1038 73
1026 1027 142
1298 1299 73
2602 2657 106
2772 2771 82
1329 1384 91
2324 2323 93
956 957 83
1037 1038 124
1544 1545 55
3012 3011 58
794 849 128
2843 2788 63
2829 2884 98
861 862 50
2863 2864 99
1957 2012 99
2396 2395 120
1695 1696 95
1956 2011 56
1796 1741 85
1159 1104 75
1528 1583 51
425 480 63
1306 1305 74
2093 2148 110
2028 2083 54
2891 2890 123
1773 1828 119
1568 1567 140
1562 1561 110
2181 2180 95
1599 1544 87
439 384 135
2653 2708 144
2852 2797 62
1715 1714 93
1091 1036 61
2536 2591 149
1500 1501 74
1616 1561 92
1213 1268 109
1303 1302 77
1969 2024 67
40 95 107
1105 1050 116
1895 1894 100
1879 1824 128
2910 2855 81
2849 2904 72
2814 2759 109
2370 2371 56
2733 2788 125
3002 3001 97
1719 1720 92
433 378 99
497 552 109
1754 1755 85
919 864 94
2436 2491 133
2734 2733 113
2836 2835 121
1434 1489 115
2730 2729 55
8 9 67
796 741 123
1555 1554 115
1138 1137 129
1644 1699 98
1822 1823 116
1934 1935 51
1394 1339 129
1790 1735 77
2805 2860 98
2216 2161 69
739 738 79
1533 1534 135
2114 2115 98
1548 1549 103
1547 1602 148
1736 1735 83
2959 2904 50
252 197 100
2110 2109 141
1855 1856 108
533 534 143
1846 1791 75
1219 1220 122
1594 1593 136
1691 1692 130
1366 1365 106
554 499 138
1265 1264 111
2080 2081 93
622 567 92
2024 2023 88
11 12 62
965 1020 77
1223 1224 119
920 921 114
1763 1708 126
207 152 141
1347 1402 131
295 294 61
752 807 138
30 29 75
909 964 55
289 288 139
924 979 104
580 635 135
965 966 75
2252 2251 126
1052 997 63
700 645 105
509 508 124
1408 1353 112
1409 1464 79
2053 2052 58
648 703 71
2495 2440 80
675 674 65
853 908 107
947 1002 123
1600 1655 140
1005 950 80
397 398 78
2751 2696 149
2104 2105 146
1165 1110 62
125 124 50
1710 1765 72
1053 1054 142
1660 1605 118
240 239 64
1361 1360 74
202 257 100
1521 1520 54
2411 2410 113
1303 1304 107
1503 1504 107
481 426 132
527 472 96
3014 3013 144
2846 2847 148
500 501 147
1083 1084 146
2164 2109 63
2672 2673 73
898 843 91
1863 1862 124
2826 2881 135
868 869 59
1827 1882 85
651 650 70
1518 1519 129
136 135 81
833 778 65
897 842 144
118 63 121
2560 2505 117
1737 1738 93
628 627 89
1147 1148 53
2676 2677 91
2295 2240 105
1986 1931 65
662 607 141
953 1008 133
455 456 99
2539 2484 68
191 192 82
1306 1251 91
2652 2597 128
1758 1759 58
1076 1021 83
2129 2074 71
676 677 140
2395 2340 87
971 972 77
264 319 93
2221 2166 96
2753 2808 126
2327 2326 84
527 526 114
973 974 116
413 414 114
2443 2498 134
1106 1107 148
2907 2908 96
954 1009 66
2301 2300 84
461 460 109
1962 2017 100
2906 2961 72
2286 2341 77
2940 2885 63
2619 2618 125
1915 1914 60
2502 2503 50
732 787 148
543 544 111
2491 2546 66
1735 1734 122
1085 1086 61
776 831 71
1529 1474 51
235 180 119
1839 1784 81
371 370 59
2417 2472 99
2202 2257 121
2047 2048 111
876 875 53
1331 1386 59
2892 2837 100
916 915 123
1264 1263 71
2428 2429 62
907 962 54
1746 1747 66
2259 2258 105
585 640 82
1002 1003 81
1879 1934 146
1876 1931 120
2548 2547 131
182 127 62
2791 2846 90
548 547 68
580 525 125
2608 2553 110
1945 2000 86
977 1032 88
2356 2301 130
1919 1864 75
1849 1850 70
113 114 116
427 372 59
890 889 71
471 470 92
1343 1342 104
1435 1380 86
952 1007 119
2420 2419 88
1027 1082 80
711 710 63
1453 1398 111
1275 1274 75
1004 1005 100
298 297 145
1598 1543 103
1285 1230 62
1672 1673 74
1638 1637 119
593 538 128
1914 1859 90
590 591 88
407 352 105
346 401 108
2022 2021 50
2699 2700 108
1783 1782 81
1670 1615 116
1614 1669 121
2766 2711 115
1613 1668 146
1835 1834 88
2209 2210 89
241 296 83
1630 1631 110
2587 2586 74
403 404 98
1222 1223 131
946 891 124
2605 2550 98
1495 1496 130
2762 2817 141
2681 2680 127
2569 2570 74
110 55 129
2909 2854 121
2768 2767 58
706 651 138
1894 1893 122
2433 2378 58
2137 2138 135
1936 1937 134
438 383 96
2188 2243 138
2145 2144 59
1355 1356 149
2923 2922 96
1832 1777 55
579 524 51
1130 1129 78
1994 1995 120
2369 2424 57
871 870 111
1470 1469 128
2969 2914 119
1515 1516 67
2601 2602 72
673 728 89
2517 2462 74
2071 2016 144
1148 1093 69
2575 2520 125
781 780 86
2926 2981 142
2397 2342 63
472 417 71
786 785 123
730 729 64
251 306 78
886 885 118
536 535 85
1911 1910 53
1064 1119 93
1776 1831 81
674 619 75
2883 2882 51
2655 2656 72
325 326 111
2197 2142 110
2533 2588 102
2729 2728 77
2151 2152 58
59 114 105
2028 1973 84
1612 1557 70
1343 1398 83
735 734 94
2213 2268 115
2213 2212 85
584 585 57
767 768 127
47 102 107
1346 1347 86
2597 2598 113
539 540 126
1310 1309 71
2790 2789 91
3 2 105
1138 1193 106
2558 2613 82
1150 1205 98
2660 2605 134
1867 1868 107
2416 2415 130
1411 1466 100
2117 2116 55
2757 2702 97
1817 1818 81
1757 1756 86
2433 2488 133
106 51 112
314 369 70
2792 2791 87
2007 2062 102
2705 2706 120
776 777 72
2536 2537 55
1194 1249 61
2471 2526 110
1366 1311 105
2263 2264 132
624 679 91
1479 1478 76
2785 2784 66
162 217 69
1806 1805 129
225 170 105
1732 1733 139
1775 1776 78
327 326 88
1846 1847 131
2645 2590 118
667 668 69
1159 1158 98
2930 2875 76
2754 2753 143
2207 2262 69
653 652 91
1598 1597 110
2044 2043 62
2674 2619 110
1141 1086 67
1097 1096 93
2195 2250 110
203 202 101
1981 2036 71
1048 1103 61
2933 2988 120
2782 2781 123
2485 2540 112
2037 2092 128
2384 2385 110
1122 1121 93
428 429 145
1514 1459 61
1664 1609 136
1753 1808 100
1718 1717 89
843 844 111
775 720 115
1378 1379 52
108 107 98
1683 1628 131
489 544 146
1873 1874 143
1941 1886 104
128 127 69
2288 2233 70
2629 2630 119
505 504 71
521 522 124
1536 1535 106
288 233 113
1113 1168 121
2292 2347 149
2436 2437 143
2740 2685 77
757 702 69
2832 2887 66
2082 2027 65
344 343 128
1428 1427 82
2993 2992 86
1578 1579 65
2003 1948 118
922 923 140
189 190 98
1607 1608 69
1583 1582 144
2270 2271 141
1286 1341 129
2409 2410 101
1633 1634 80
70 71 117
830 831 88
862 863 57
476 477 53
644 589 120
1070 1071 93
387 332 99
188 133 76
1057 1056 108
2761 2816 88
2618 2563 87
1414 1415 70
1858 1913 80
856 801 115
1191 1192 59
2139 2138 102
824 879 143
2871 2872 112
2264 2319 61
1132 1133 141
10 9 108
1893 1948 120
393 338 148
1805 1860 97
2450 2451 120
1655 1654 135
13 12 119
2514 2459 90
367 368 58
1876 1875 84
17 72 102
2453 2454 148
128 73 83
1615 1560 147
369 424 77
2846 2901 127
666 665 72
1444 1389 94
2567 2622 146
2561 2506 126
871 926 130
1652 1653 80
2338 2339 69
311 312 104
2574 2575 77
2275 2276 148
106 105 80
2610 2611 78
2282 2227 59
2462 2461 109
376 431 115
1684 1685 75
2482 2427 138
1744 1745 62
421 422 67
769 770 52
1341 1342 52
2480 2535 102
20 21 104
311 366 104
1764 1763 100
2958 2959 66
2555 2556 102
2038 2093 146
2512 2513 71
2780 2779 100
2098 2099 146
1220 1275 128
121 122 100
1330 1385 118
924 923 132
1366 1367 119
2615 2560 57
263 208 61
1745 1690 133
1265 1210 97
2805 2750 71
973 972 116
1837 1836 110
1270 1271 85
363 308 71
2745 2746 74
2563 2562 116
2456 2457 51
1407 1462 146
946 945 89
1925 1980 146
2532 2531 65
1705 1704 84
1333 1334 66
1714 1769 93
2975 2920 53
2727 2782 81
1422 1367 88
2349 2294 85
154 99 126
1098 1097 65
2565 2620 76
2879 2824 104
2210 2265 51
2029 2084 103
1045 1044 131
663 662 52
1183 1184 54
2119 2120 125
610 555 56
2744 2745 138
1505 1560 85
1682 1627 133
1064 1009 112
1209 1208 100
1723 1722 130
840 841 141
2033 2088 149
2478 2479 140
1065 1064 50
1102 1103 96
1311 1310 95
2217 2272 80
2799 2800 90
2315 2260 73
2730 2675 125
2458 2403 111
2398 2453 133
2329 2330 137
356 355 117
2923 2978 138
2366 2311 58
1084 1139 60
511 510 128
692 693 114
442 443 146
1850 1851 62
1867 1922 64
2887 2942 142
1494 1439 149
938 937 104
2047 2102 128
970 915 139
75 74 113
1801 1856 61
2998 2943 120
1175 1174 132
1704 1759 81
248 303 92
2824 2823 95
2749 2750 142
2314 2259 71
559 560 85
963 962 100
1200 1199 92
807 806 144
1192 1247 77
1289 1234 113
921 922 140
1872 1817 99
185 184 60
1630 1629 51
2182 2237 52
1758 1813 87
1832 1833 144
2338 2393 52
1334 1335 77
2889 2834 144
2802 2747 61
869 870 140
1798 1743 95
382 381 52
768 769 64
2137 2082 143
2871 2926 142
398 399 56
969 970 115
2203 2202 149
2293 2238 93
2201 2202 113
2055 2054 72
1345 1400 77
205 204 91
705 704 62
414 415 115
1291 1236 108
2149 2204 94
2431 2486 137
1454 1509 127
268 323 112
977 978 76
820 821 126
774 719 81
2778 2723 61
780 725 65
1122 1177 66
499 498 142
71 126 89
2041 2096 67
1269 1268 140
1302 1247 108
1461 1462 147
1800 1801 62
1673 1728 62
2692 2747 66
1155 1100 62
1238 1239 97
263 318 136
389 334 118
194 139 56
2768 2713 73
724 779 123
325 380 68
400 401 104
914 915 117
2941 2996 73
1633 1688 147
1802 1803 82
2075 2074 55
2343 2288 101
1301 1300 74
2023 1968 66
1605 1604 106
679 680 52
2803 2858 101
2700 2755 109
1985 2040 133
1611 1666 144
2853 2798 98
1502 1557 91
1712 1713 147
2044 2099 144
2919 2974 135
2786 2787 57
958 959 73
2611 2556 65
640 639 76
1652 1651 121
1812 1867 87
1836 1781 60
482 483 136
849 904 117
725 670 56
2072 2017 124
1912 1857 112
201 202 121
652 597 82
2562 2561 107
2300 2299 93
2625 2626 61
1314 1259 77
2041 2040 116
641 696 112
1709 1654 90
2059 2060 65
2821 2766 142
398 343 123
1488 1487 72
2623 2622 71
2250 2251 136
2133 2078 118
1145 1090 96
2490 2489 124
1025 970 72
187 188 121
2383 2384 87
2313 2312 67
445 390 55
2354 2353 95
2069 2014 81
2946 2947 98
603 604 63
943 942 85
2594 2593 103
140 141 137
1365 1364 93
502 557 99
1772 1717 59
1638 1583 98
1055 1054 95
396 451 119
995 1050 69
190 245 140
694 695 68
532 531 71
1729 1674 149
894 895 127
626 627 93
2574 2519 149
177 232 71
932 933 90
1760 1759 144
2550 2495 60
2133 2132 66
177 122 89
459 460 129
616 617 98
1423 1478 149
1774 1775 76
1254 1199 127
5 4 72
1343 1344 67
2344 2399 90
329 274 115
2073 2018 59
25 80 80
145 90 57
2347 2402 140
2662 2717 82
1288 1233 79
829 828 123
496 551 133
2242 2241 112
2888 2943 62
1337 1392 53
1726 1725 137
1144 1145 68
162 161 80
86 87 68
500 445 52
410 409 135
84 139 79
1353 1352 58
2633 2578 65
1081 1082 80
13 14 113
73 72 58
3007 2952 127
1984 2039 131
2816 2815 60
2772 2717 80
2776 2721 65
2094 2095 104
175 174 61
752 753 142
1484 1483 50
920 919 95
1200 1145 124
577 576 102
173 118 148
681 680 87
1743 1742 88
76 21 110
2343 2342 117
2252 2253 106
607 552 81
598 597 77
2611 2666 89
2716 2661 93
1584 1585 56
2373 2318 113
1456 1457 114
711 712 89
1977 1922 116
1139 1138 82
1514 1569 76
2267 2268 127
1027 972 69
401 456 82
1824 1823 134
798 743 118
2095 2040 130
1469 1414 115
1199 1144 79
2840 2895 72
1728 1727 93
635 634 143
2662 2661 148
1176 1231 52
1118 1119 125
472 471 82
2285 2340 59
2119 2118 69
1601 1656 101
152 151 117
1476 1475 94
2912 2967 52
774 829 133
2100 2045 98
157 158 77
2181 2182 97
2454 2455 57
457 512 84
1396 1341 74
1419 1420 123
1185 1240 73
1613 1612 104
135 190 69
1056 1001 63
2743 2744 78
2120 2175 108
2683 2682 118
1516 1571 51
1936 1991 82
2837 2782 66
2760 2759 121
295 350 132
311 256 58
2863 2918 138
2355 2354 54
2235 2290 135
1439 1440 121
1044 1043 62
76 77 114
1038 983 111
2500 2501 60
290 289 67
2739 2740 133
2721 2720 84
1371 1370 122
2966 2911 125
2208 2263 69
172 117 125
2198 2197 127
227 172 62
1049 1048 127
2489 2488 63
2544 2489 138
1499 1554 141
1625 1680 53
2276 2277 147
2684 2629 125
2884 2939 94
1197 1142 139
630 685 124
11 66 131
1734 1733 56
2804 2805 112
2304 2303 82
556 555 94
1914 1969 75
431 486 148
2084 2085 73
2078 2079 66
1720 1775 141
505 506 69
1136 1191 135
669 670 56
2229 2228 55
2532 2587 110
2049 2104 60
2898 2897 135
2968 3023 148
403 458 99
848 903 141
1758 1703 80
2611 2612 117
1502 1503 57
2930 2931 65
2593 2538 59
681 736 97
727 728 148
1432 1431 76
2421 2476 64
1459 1460 54
1676 1677 66
194 195 122
1770 1769 132
2153 2154 99
1558 1503 102
2546 2545 127
1291 1292 59
1537 1592 61
109 110 89
2357 2358 94
874 929 138
1833 1778 78
2375 2430 78
1931 1932 144
689 634 88
2818 2817 71
2899 2954 115
2106 2051 106
2737 2792 113
2407 2406 81
821 766 148
2591 2646 100
119 120 55
2947 2892 130
1841 1842 93
1884 1885 94
2168 2167 70
2813 2868 119
2305 2360 128
2992 2991 93
2637 2582 64
2047 2046 121
386 387 108
156 101 82
405 406 135
2217 2216 139
2556 2501 74
1619 1618 97
1349 1294 54
2787 2842 79
1748 1693 54
2168 2113 80
2096 2097 99
2709 2708 75
2886 2885 117
348 349 146
1983 1982 135
749 804 115
1014 1015 149
2859 2804 68
1895 1950 115
2147 2092 74
2953 2898 101
613 558 124
462 461 149
1351 1296 57
1368 1423 78
186 185 82
1186 1131 139
1589 1588 58
934 989 80
2118 2117 139
2921 2866 127
809 754 113
2691 2692 106
1663 1608 115
1969 1968 91
1308 1253 64
97 98 110
354 355 149
2554 2609 141
231 286 70
1993 1992 146
2897 2952 50
1090 1089 64
408 353 95
319 320 116
836 837 65
394 393 95
940 885 121
495 550 62
2013 2068 77
1198 1197 127
2100 2101 147
589 590 132
2469 2468 52
2932 2987 57
2349 2350 147
1874 1819 128
2282 2283 94
1869 1924 109
2427 2426 90
1129 1128 78
944 945 70
2509 2454 137
490 489 77
1973 1972 82
33 32 55
2177 2176 99
1351 1406 101
1320 1319 53
687 632 107
1515 1514 129
2839 2838 68
2482 2537 107
2771 2770 52
324 379 54
1572 1517 91
2139 2194 53
2686 2631 108
1237 1238 54
1623 1568 143
1585 1586 142
82 83 148
754 753 103
2983 2928 123
945 1000 105
2626 2681 69
2272 2273 139
3010 3011 94
823 824 55
2664 2609 112
609 608 144
872 871 96
1019 964 66
2944 2945 141
2722 2721 91
1433 1434 111
154 155 85
1485 1484 77
534 589 111
1750 1805 146
1149 1150 133
2931 2932 104
2123 2178 60
2606 2551 121
2670 2615 100
418 363 78
1443 1498 91
844 845 95
2249 2248 132
655 710 132
2066 2121 122
1111 1112 112
1147 1092 57
1869 1868 97
2672 2727 92
2368 2369 138
528 527 62
443 388 99
169 170 144
1577 1578 139
215 270 108
1838 1837 90
2701 2646 146
457 456 58
558 559 123
1201 1200 104
2475 2420 89
1271 1326 55
2406 2461 56
2807 2808 117
1007 1008 98
2948 2893 75
2935 2936 148
2868 2869 136
2367 2368 149
1078 1077 90
2554 2553 95
2190 2191 58
845 790 67
2203 2258 121
2641 2696 61
2353 2408 90
1405 1406 144
981 926 99
2206 2207 99
1286 1287 102
831 886 121
86 85 112
715 770 106
255 254 116
422 367 126
1382 1381 66
2448 2447 89
1943 1998 116
2067 2012 142
1912 1913 101
318 373 66
647 592 56
1300 1355 138
1092 1091 65
1457 1458 73
2190 2189 142
1633 1632 99
1655 1656 119
1867 1866 105
824 769 114
1374 1429 144
2131 2132 107
2612 2613 106
1311 1312 145
603 658 64
1772 1827 58
788 789 140
2911 2910 142
1484 1539 124
210 155 70
50 51 129
1373 1428 95
2062 2063 69
2516 2571 135
3008 3009 51
2396 2341 108
2525 2580 131
1465 1520 132
2593 2592 90
655 600 139
2535 2536 125
2464 2465 86
1837 1782 115
1060 1061 146
692 691 90
1265 1320 139
2749 2748 131
1507 1508 97
2874 2875 50
1422 1423 76
755 756 131
1531 1530 100
1031 1086 51
103 158 53
1825 1824 63
1153 1208 97
2442 2443 92
199 198 104
384 383 113
2068 2069 101
2103 2102 68
899 900 124
575 574 129
2192 2191 101
2817 2816 55
309 364 135
1501 1556 65
1383 1382 54
2413 2414 121
2241 2240 59
677 678 50
1097 1152 75
415 416 93
2906 2905 104
1226 1281 83
596 541 64
2290 2289 147
1542 1597 105
199 254 64
292 347 58
1980 1979 138
1962 1961 112
2086 2085 83
1948 1949 121
2869 2870 124
1493 1548 143
1924 1925 90
1451 1452 70
351 296 51
2595 2596 144
1835 1836 81
485 540 91
1439 1438 50
2171 2226 59
1473 1474 57
755 754 88
748 693 113
298 353 101
365 366 68
1677 1732 102
2277 2332 105
704 703 120
2991 2990 117
2902 2847 81
2315 2316 119
3017 2962 56
637 582 135
1686 1687 84
1847 1792 98
1062 1061 102
1393 1392 63
395 450 53
153 208 144
1191 1246 74
2916 2971 78
1068 1123 59
2157 2102 76
1131 1076 81
471 416 124
1419 1474 116
275 330 89
331 332 99
406 407 74
1058 1003 111
2530 2529 128
374 319 130
1627 1572 57
1451 1450 121
1353 1298 91
2119 2064 68
273 328 126
2240 2239 55
747 802 60
541 542 149
2685 2630 100
997 996 83
2391 2336 92
812 867 115
896 897 119
745 690 141
1670 1669 142
1279 1334 145
136 191 109
2234 2235 103
1714 1659 112
1803 1748 73
205 206 100
941 996 94
600 545 119
2867 2812 148
2407 2352 111
54 53 111
2908 2853 119
182 183 119
478 533 103
1087 1086 91
2446 2447 135
1944 1999 148
1404 1405 53
1868 1813 147
442 387 73
230 285 57
1325 1324 103
1190 1189 136
2448 2449 96
2631 2632 91
1455 1454 69
1680 1681 60
2321 2376 131
250 305 80
1326 1327 95
2504 2559 82
2439 2494 58
95 150 128
671 616 132
935 990 78
1438 1437 98
1648 1593 132
667 666 88
179 124 73
1895 1840 55
197 142 142
2225 2170 121
1862 1861 67
523 578 137
329 384 89
839 840 70
1985 1930 116
68 69 104
957 958 142
253 254 122
44 45 95
2519 2518 58
1850 1795 76
937 992 146
327 382 133
2432 2487 69
2474 2529 129
632 633 133
559 614 97
1022 1077 146
1557 1558 56
529 584 59
1651 1706 147
2408 2407 118
1999 1998 101
1259 1258 111
695 696 116
2625 2570 74
2490 2491 70
2542 2597 144
1457 1402 76
1352 1351 85
596 595 58
743 744 56
1367 1312 142
524 525 143
2663 2718 121
848 849 72
789 844 68
460 405 111
2444 2443 134
52 53 116
1896 1951 146
1803 1858 144
1995 1996 116
1188 1133 73
1166 1165 56
1404 1349 52
309 310 79
718 719 123
1921 1922 113
1173 1174 122
14 15 71
2492 2491 56
395 340 88
294 239 58
293 294 91
2676 2731 126
899 898 70
2072 2127 55
631 576 113
1339 1338 82
2874 2929 142
620 621 138
935 934 93
1749 1750 145
30 85 130
687 742 94
1668 1667 117
1381 1436 142
792 737 119
2087 2032 129
163 218 129
174 119 98
1899 1900 75
1849 1794 89
737 736 84
1455 1400 113
515 516 55
1276 1275 50
2056 2111 115
467 466 60
2967 2968 69
1785 1840 149
1509 1510 106
2635 2636 141
881 826 147
229 284 86
326 381 75
2819 2874 130
2555 2554 139
1815 1760 94
1398 1399 92
1606 1605 104
1426 1427 60
1531 1586 102
178 233 56
388 333 76
758 757 119
1581 1526 62
813 868 71
2281 2226 105
1390 1445 76
1916 1861 149
702 647 77
3004 3003 56
528 473 101
421 476 147
2450 2449 111
2029 2028 147
1804 1859 112
1013 1068 102
728 783 115
1761 1762 95
227 228 105
2764 2709 114
506 451 115
207 208 149
1869 1814 113
2149 2150 144
329 328 132
2016 2015 114
1622 1621 57
2066 2065 80
836 781 66
1723 1778 147
980 1035 80
101 100 100
1887 1832 129
2414 2469 83
321 376 55
2450 2505 65
43 44 120
2569 2514 63
1212 1211 67
469 470 78
2426 2371 115
259 314 134
361 362 55
607 606 95
2506 2507 145
1582 1637 54
1493 1492 93
1707 1652 122
245 300 53
611 556 111
2780 2835 105
2763 2818 81
2139 2084 145
2782 2783 61
1671 1670 58
2522 2521 114
840 785 86
784 729 148
325 324 66
2442 2387 117
2803 2802 88
1268 1323 138
2793 2738 81
3022 3023 58
2953 3008 119
2663 2662 144
1001 1000 99
1324 1323 52
1178 1123 76
2085 2030 60
287 342 59
2445 2500 58
1453 1452 73
2178 2233 88
611 610 103
1970 1971 52
1376 1321 132
751 806 127
1764 1709 104
1250 1195 97
36 37 108
978 923 103
2389 2334 73
1545 1490 54
2098 2043 123
546 601 133
1249 1304 139
2793 2792 129
2836 2837 51
1731 1676 106
2668 2667 125
2106 2161 100
1521 1466 103
267 266 120
638 583 66
1177 1176 85
201 256 65
2147 2148 84
206 207 146
2715 2716 89
2019 1964 55
1687 1742 105
1793 1848 68
301 356 112
1987 1986 101
2238 2239 128
250 195 79
2335 2280 86
1645 1646 110
1120 1065 143
2741 2740 78
2968 2913 105
2511 2510 119
2972 2971 83
2913 2912 82
819 820 88
1694 1639 97
2249 2194 137
1015 960 77
2382 2327 138
278 277 118
736 735 112
2452 2397 98
658 713 133
1134 1135 107
2447 2502 91
129 184 59
2372 2371 131
1466 1465 140
2552 2497 146
1511 1512 137
1939 1884 65
58 113 78
2172 2173 101
982 983 102
1302 1357 141
1444 1499 57
2619 2564 71
473 472 53
831 832 69
1253 1198 134
2705 2650 149
2666 2667 60
2895 2950 75
946 947 145
619 618 77
838 837 58
2601 2656 119
2602 2547 147
2731 2730 99
1777 1722 111
2124 2179 71
419 474 95
2049 2050 129
571 572 100
742 797 111
2380 2381 109
1512 1567 130
2124 2069 143
641 586 124
102 103 129
2065 2064 73
1554 1553 97
1390 1389 78
2525 2526 64
2518 2517 95
70 69 119
146 201 149
1455 1510 62
2627 2682 117
1380 1381 126
1614 1615 147
2659 2714 143
377 322 111
398 453 85
641 640 76
1238 1293 90
968 969 55
1955 2010 145
429 484 134
1709 1708 113
707 708 138
1277 1276 50
1915 1860 101
707 652 67
126 127 77
1797 1742 101
2081 2136 83
379 380 56
562 561 84
1382 1327 132
1499 1500 109
1004 949 112
726 781 113
2738 2737 52
1288 1287 68
657 658 131
2330 2331 53
2821 2822 147
1262 1263 97
2462 2463 127
1163 1164 110
2425 2480 101
765 710 126
2284 2283 90
300 355 52
227 226 72
526 525 148
400 345 131
717 716 92
2760 2761 110
2726 2671 104
437 438 73
1282 1281 126
1485 1430 113
1644 1643 137
467 522 99
2034 2033 70
1492 1547 143
2810 2865 63
466 411 108
168 113 110
99 44 130
125 180 68
232 233 73
911 912 148
1200 1255 127
2399 2400 128
98 43 111
2232 2287 72
2755 2810 131
1812 1757 115
996 1051 59
2540 2539 85
2200 2255 84
1873 1928 141
2880 2881 66
2145 2200 127
3 4 64
1456 1401 112
156 211 110
1729 1730 76
1939 1938 114
2634 2689 140
2938 2883 60
1365 1420 52
1116 1115 76
1518 1463 75
1118 1063 102
263 264 91
2274 2275 63
2707 2708 133
552 551 138
803 804 79
686 631 110
1013 1014 143
2511 2566 54
209 154 111
690 689 125
1702 1703 148
1749 1694 66
1051 1052 130
1741 1742 69
2158 2103 79
2787 2788 68
2228 2283 112
3003 2948 57
2544 2543 114
1167 1112 60
2664 2663 100
856 911 87
423 368 144
818 819 64
2679 2678 117
2206 2205 109
2365 2310 80
2087 2142 68
2160 2215 120
827 826 118
1072 1073 63
1347 1348 76
321 322 71
609 554 75
352 351 131
1096 1041 80
654 599 59
173 228 77
1414 1359 112
1111 1056 61
193 192 137
2170 2171 96
27 26 148
929 984 78
2840 2785 56
2063 2064 75
2186 2185 88
2915 2860 97
1636 1635 87
35 34 146
93 94 110
805 806 51
2457 2512 144
1137 1192 75
2174 2229 124
561 616 139
2386 2331 109
1219 1274 128
1267 1212 106
1030 1031 80
2393 2448 108
2218 2163 136
2411 2412 109
2759 2758 105
2647 2702 60
1807 1752 116
119 64 80
1552 1497 143
2643 2698 98
2644 2699 87
247 248 57
1768 1769 85
83 84 116
2074 2073 125
1726 1671 74
2697 2752 139
128 183 63
1506 1451 81
546 547 63
1290 1291 70
2867 2866 92
1366 1421 96
1984 1985 56
477 422 50
556 557 64
3006 3005 126
296 295 114
1828 1827 89
501 502 78
1173 1228 107
1954 1955 126
1654 1653 89
667 722 124
2293 2348 116
1464 1463 58
2037 2036 113
1545 1600 75
574 519 76
2767 2766 55
1492 1491 135
2775 2720 114
1527 1472 142
509 510 126
2595 2540 113
941 886 51
369 370 59
2783 2838 117
1480 1481 70
1464 1519 68
828 883 131
138 83 75
2430 2485 131
2363 2308 60
1141 1196 132
1201 1146 85
420 421 84
259 204 83
1413 1414 82
2391 2446 111
1698 1697 65
889 944 65
501 556 142
1387 1332 123
2179 2180 79
880 825 101
271 272 72
2237 2238 109
1190 1191 77
67 12 66
1372 1373 134
1848 1847 132
2035 2090 104
2197 2196 50
2522 2523 127
1359 1304 83
518 519 125
2916 2861 119
327 328 86
552 553 82
1716 1661 87
231 230 77
1764 1819 110
2161 2162 70
2285 2284 57
2857 2858 51
417 416 89
1135 1080 115
2411 2356 53
1105 1104 134
1175 1176 128
494 493 75
2999 3000 68
1095 1150 72
288 343 138
2706 2761 121
1538 1537 140
1984 1929 139
484 539 139
1604 1603 91
2815 2814 95
1475 1420 142
1506 1561 80
132 133 84
875 874 125
2562 2617 116
2777 2778 137
2499 2444 58
1646 1647 87
2732 2787 114
159 158 138
2277 2278 52
1523 1578 89
1754 1809 130
2112 2113 103
549 550 127
667 612 67
671 672 89
2859 2858 130
116 115 135
2285 2230 93
2936 2881 111
2351 2350 144
419 418 91
851 850 53
2797 2796 58
1449 1450 143
1201 1256 72
2754 2755 56
1020 1019 63
1848 1849 127
175 230 113
1559 1560 62
1885 1886 147
1559 1614 78
1692 1747 50
1701 1700 135
2883 2828 56
1643 1642 133
1272 1217 64
2909 2964 107
1549 1550 80
1694 1695 135
2531 2476 85
3021 3020 110
1898 1899 105
2005 1950 92
787 788 85
2009 2008 75
314 315 97
952 951 117
1237 1182 78
2219 2220 111
1607 1606 86
290 345 136
69 124 132
2295 2294 75
2314 2313 96
2223 2278 120
1662 1607 107
2976 2977 83
1826 1825 121
367 366 85
2072 2073 132
1620 1621 92
2445 2446 67
1960 1959 131
2598 2653 116
418 473 135
2221 2276 136
2601 2600 106
1484 1429 117
2904 2903 84
1093 1038 145
1573 1574 148
2107 2052 136
715 714 68
2065 2010 60
793 738 117
2672 2671 116
1906 1851 125
2524 2469 121
2174 2175 83
452 451 101
2210 2211 93
2302 2247 144
1697 1642 60
2592 2537 83
950 951 128
1016 1071 102
2065 2120 83
1727 1782 113
1497 1442 149
1152 1151 107
66 67 116
1161 1106 126
1904 1849 108
464 409 52
1164 1165 138
2030 2029 112
26 25 144
1491 1546 84
2694 2693 119
151 150 51
805 750 50
134 135 77
920 865 94
2201 2256 87
218 219 66
2133 2134 60
2453 2508 67
1692 1693 78
2454 2399 139
500 555 69
105 50 137
963 1018 62
186 131 140
2352 2351 136
1049 1050 68
513 514 113
746 801 96
84 29 54
2392 2447 83
1965 1964 136
1984 1983 85
2984 2983 86
2130 2131 137
240 241 81
2621 2566 100
277 222 108
1784 1783 87
2680 2625 68
2116 2061 120
1628 1573 93
2402 2403 99
234 179 61
636 635 100
1330 1275 135
2257 2256 58
2888 2889 87
525 470 123
2554 2499 149
877 878 143
587 642 91
823 822 135
1706 1707 130
2042 2043 121
1174 1229 104
260 259 109
2080 2025 135
1525 1580 54
644 699 53
583 584 113
2459 2458 140
396 395 115
590 535 64
2765 2820 54
2151 2096 100
924 869 146
2018 2019 142
1527 1526 94
2683 2684 106
1888 1887 124
2382 2383 110
569 570 109
2775 2774 144
1833 1834 144
77 132 120
2192 2137 141
1919 1920 131
2413 2468 141
1712 1657 148
1744 1689 63
1901 1902 146
2551 2550 94
2995 2996 144
2844 2845 62
209 210 105
2800 2745 62
893 892 75
2684 2685 115
1835 1780 138
893 838 123
2419 2474 70
537 538 121
140 139 74
358 413 99
2303 2358 60
2160 2161 125
3014 3015 73
1226 1225 97
2853 2852 58
2296 2241 70
815 814 100
2545 2600 133
293 292 106
2698 2699 101
1406 1461 113
713 768 105
1903 1902 91
2523 2578 135
1629 1574 90
2736 2737 90
2735 2790 98
752 697 59
2377 2376 136
877 932 90
2004 2005 117
911 966 112
878 879 147
220 165 99
2885 2884 99
1391 1446 52
1172 1173 75
876 821 145
1391 1392 85
1915 1970 85
2499 2498 68
2704 2649 128
2799 2854 92
529 474 139
2610 2609 145
1845 1900 77
1679 1680 144
2251 2196 134
960 905 140
261 316 99
136 81 84
1433 1432 101
498 497 110
244 189 79
1703 1648 81
358 303 72
2677 2678 142
1579 1580 118
2512 2511 137
2828 2829 118
37 38 142
2601 2546 147
990 1045 91
870 815 80
2088 2087 117
822 821 121
2364 2419 80
1790 1791 67
897 952 123
2942 2941 87
2403 2348 114
1014 959 57
534 535 62
1641 1640 145
339 338 135
1128 1127 136
2557 2556 65
309 308 66
588 643 118
2734 2735 137
2757 2812 127
1533 1588 92
361 360 135
346 291 51
2552 2607 108
1682 1737 65
687 688 51
21 22 81
1596 1541 100
106 107 115
2413 2358 96
409 408 115
2694 2639 136
1593 1592 119
2926 2927 81
2778 2779 92
671 726 69
2054 2109 117
736 791 94
1141 1142 64
1883 1884 60
1510 1511 127
1204 1203 102
424 479 75
394 395 88
2320 2321 140
1139 1194 143
1232 1177 99
2364 2309 90
2623 2624 135
1738 1683 129
1468 1469 129
2876 2877 114
2331 2332 104
2830 2885 68
2343 2344 113
23 78 100
2000 2055 89
350 349 50
176 177 107
2670 2671 56
1932 1877 129
481 480 104
1792 1793 132
74 129 149
2681 2682 115
2965 3020 50
1102 1157 78
2896 2897 144
1622 1623 75
2334 2335 104
1538 1593 90
499 444 82
1315 1370 58
1808 1809 146
835 834 76
796 795 115
2744 2689 56
1029 1028 136
2990 2935 116
2112 2111 111
2054 1999 117
1059 1058 78
1222 1167 79
2797 2798 131
1769 1824 85
2729 2674 96
115 60 90
2738 2739 57
1853 1908 64
793 848 120
371 316 61
2600 2599 96
2308 2253 56
2225 2226 60
1765 1766 71
2038 2037 58
269 324 138
487 542 85
905 906 60
2088 2089 74
100 45 106
632 577 75
1105 1160 51
2527 2528 99
879 880 90
2907 2906 59
1298 1243 56
874 873 71
1348 1349 142
1766 1711 139
2937 2882 57
1037 1036 104
1765 1764 135
1619 1564 115
2850 2795 112
1822 1877 147
1410 1411 63
2142 2143 116
2077 2132 108
2745 2690 84
514 459 88
2077 2022 52
1623 1678 101
66 65 111
1213 1212 109
978 1033 110
2177 2232 149
1374 1375 115
2060 2115 58
2298 2297 85
125 126 71
1358 1413 138
2070 2125 108
731 786 54
2324 2269 124
2670 2669 70
643 698 84
1923 1924 107
357 302 100
2437 2492 82
1929 1928 122
2844 2843 77
123 122 109
2053 2054 61
1107 1052 73
251 252 91
299 354 133
1162 1107 84
413 412 138
2473 2472 112
974 975 80
389 390 124
2822 2877 107
2944 2889 52
2709 2654 103
1946 2001 66
2213 2158 129
306 305 50
2704 2703 137
834 779 60
2423 2368 60
1973 1974 61
743 742 83
285 340 136
1720 1665 87
1058 1057 85
1441 1440 133
112 113 81
1743 1744 147
1579 1524 149
1459 1458 70
292 291 130
784 783 112
455 454 92
2869 2924 94
2271 2216 115
2565 2566 107
1882 1883 149
1135 1136 124
307 362 66
1943 1942 137
2806 2751 80
98 153 115
2908 2909 113
2070 2015 97
1809 1810 116
1938 1883 80
1363 1418 121
442 497 129
2705 2704 144
2373 2428 68
2934 2933 80
1610 1609 138
41 42 68
1246 1247 118
2480 2481 128
317 262 139
1317 1318 127
2141 2086 72
1364 1419 120
1863 1918 53
723 724 91
1589 1534 136
1250 1305 75
1598 1653 80
1476 1531 140
1930 1931 81
2867 2868 126
1446 1445 52
2408 2409 136
364 365 82
1753 1754 127
1665 1664 74
197 196 130
1372 1371 97
1606 1661 119
1285 1286 140
392 393 137
3002 2947 129
1234 1233 93
928 873 87
790 789 59
1179 1180 107
2764 2763 142
45 46 133
1542 1543 132
116 61 144
1726 1781 91
2862 2863 69
2193 2192 67
1111 1166 74
2701 2702 123
14 69 103
315 370 93
1985 1986 75
2534 2535 143
1991 2046 73
750 751 85
2467 2412 94
2122 2067 143
919 918 107
489 488 97
1410 1409 89
542 597 123
592 593 111
1522 1467 79
2547 2546 83
2893 2894 102
2164 2165 64
2944 2943 120
281 282 136
105 104 56
2829 2774 72
1391 1336 96
772 773 70
2866 2865 95
1214 1159 69
2521 2576 130
1599 1654 82
412 467 119
1269 1270 99
1576 1577 81
2583 2584 102
1705 1650 71
951 1006 133
2286 2285 60
2940 2939 109
1997 1942 84
2874 2873 108
2644 2643 149
2658 2657 122
2434 2489 58
1339 1284 91
2310 2255 52
405 404 149
732 677 69
1196 1197 123
1734 1679 132
192 137 88
2650 2595 145
1215 1214 149
519 520 144
138 139 73
79 24 145
1935 1880 112
1864 1865 114
685 686 92
2418 2363 128
503 502 68
2022 2023 59
378 323 53
1354 1355 67
2381 2436 133
326 271 103
1180 1235 57
1216 1271 97
666 721 56
2879 2880 70
1928 1927 125
2422 2367 65
1151 1096 111
385 384 125
2746 2691 58
336 335 89
1812 1813 83
2099 2100 145
613 668 130
795 850 66
1399 1454 66
1896 1841 140
896 895 72
1185 1130 83
1563 1618 133
1693 1638 60
626 681 118
1183 1128 149
1753 1698 110
1696 1641 86
1134 1133 130
256 255 97
1130 1131 77
2317 2262 104
491 546 109
470 415 126
2361 2306 142
627 682 100
469 524 57
1491 1436 145
515 514 86
2478 2423 55
1750 1751 84
2058 2003 87
2004 2059 82
1202 1257 65
300 301 51
1937 1882 80
62 7 108
812 811 91
1817 1762 58
476 475 95
2718 2719 85
1245 1190 117
2058 2059 129
2608 2609 87
564 509 121
2013 1958 126
2736 2735 50
2651 2596 101
713 714 141
961 906 98
1280 1279 132
2506 2451 124
212 267 118
275 274 111
282 283 134
1357 1412 130
1060 1059 104
250 249 115
882 881 63
2419 2418 102
1123 1124 148
1255 1256 91
1074 1075 96
2395 2394 84
1179 1124 110
1810 1865 132
2122 2177 67
1475 1530 136
2516 2461 73
2341 2340 63
2712 2657 56
1384 1439 128
2396 2451 95
1280 1335 147
1368 1367 149
500 499 97
484 483 132
801 800 149
1965 2020 132
2052 2051 115
1408 1409 69
1974 1975 90
444 389 106
2963 3018 124
1707 1708 75
1082 1083 141
2963 2962 136
1231 1232 145
1925 1870 116
1400 1401 96
2727 2726 144
1971 1972 116
1880 1881 133
2498 2497 54
291 290 100
337 336 113
859 804 119
1700 1699 108
2280 2281 131
2380 2379 60
1521 1522 75
2732 2731 92
1282 1227 73
1380 1325 144
1967 1966 132
2723 2668 108
1976 1977 137
926 927 54
485 486 143
647 648 141
1062 1007 79
970 971 67
2819 2764 59
857 856 131
1785 1786 62
625 624 50
1153 1152 94
2441 2496 50
2230 2231 134
2882 2827 63
1506 1507 138
1768 1823 144
465 464 50
2563 2564 99
683 684 56
817 872 139
2781 2780 96
1662 1717 140
262 261 136
2785 2730 51
1510 1565 116
2264 2209 90
2494 2493 98
3006 3007 85
1289 1290 137
678 733 148
2337 2336 122
2579 2580 104
269 214 92
1667 1666 69
1069 1124 145
2499 2500 137
2568 2567 69
1823 1878 50
1517 1462 103
411 410 109
2152 2153 105
1620 1619 85
461 406 90
2872 2927 137
554 553 68
1047 992 105
2306 2305 131
2218 2217 66
2815 2760 115
2584 2529 73
1120 1175 145
178 179 56
1060 1115 142
674 729 73
638 693 62
111 56 120
873 818 132
245 244 124
1126 1181 129
487 486 52
2812 2811 148
1467 1412 142
2813 2758 120
1169 1224 104
91 36 145
1681 1626 50
960 959 89
2704 2759 107
200 201 66
1822 1821 132
1713 1768 118
78 133 149
2409 2464 111
2527 2472 127
2042 2097 84
1604 1549 91
2808 2863 90
1905 1960 65
2586 2641 144
173 172 148
1657 1658 96
903 958 83
1098 1153 58
1460 1461 120
2551 2552 77
2627 2628 55
18 17 106
691 746 148
2356 2355 80
2995 2994 111
1666 1721 104
1811 1812 51
855 910 90
66 121 106
1108 1107 136
2809 2864 127
2829 2830 106
316 317 120
2649 2650 54
1266 1267 91
907 908 94
884 939 129
2361 2416 104
2126 2071 123
235 236 102
2466 2467 51
1959 2014 91
928 983 54
2711 2710 120
392 391 118
1580 1635 117
747 746 91
238 239 109
1122 1067 90
387 388 106
162 107 50
2115 2116 129
112 57 55
362 417 107
925 926 120
57 2 67
1216 1161 70
2793 2848 75
460 515 93
1376 1431 135
1587 1642 54
488 487 111
601 600 79
700 699 111
1250 1249 91
109 54 53
616 615 71
1594 1649 122
397 452 70
994 939 59
2675 2620 145
1353 1354 116
999 944 138
2848 2903 89
236 181 142
2222 2221 97
423 424 84
61 6 148
827 772 136
2046 2045 134
315 260 130
702 701 70
353 352 124
706 761 130
850 905 128
925 870 139
1859 1858 117
1160 1161 138
2353 2352 102
2205 2204 140
1548 1603 58
709 764 94
1460 1515 101
1109 1110 107
1244 1243 55
483 538 66
1641 1586 83
1078 1079 89
763 708 82
1575 1574 104
1799 1800 110
1125 1124 85
1767 1712 53
2950 2949 136
475 474 105
356 411 53
712 657 68
299 300 60
810 809 144
2749 2694 108
1890 1891 111
2159 2214 135
973 918 64
62 117 104
1310 1255 145
522 523 111
152 97 106
2289 2288 136
995 940 122
1986 2041 69
2399 2398 103
1853 1854 145
1502 1447 124
496 441 143
959 904 74
561 560 119
882 937 132
1022 1023 83
1909 1964 81
864 809 97
269 270 50
1305 1304 84
2365 2420 56
2281 2336 69
2493 2548 95
1206 1261 60
2333 2388 115
102 101 71
1180 1125 112
536 591 58
2231 2286 72
1404 1403 74
1839 1840 134
2250 2249 50
1274 1273 99
1220 1221 143
822 767 59
918 863 107
2266 2211 50
598 599 147
74 73 69
1926 1871 97
2260 2261 114
1946 1947 73
2573 2574 137
2050 2105 67
16 15 59
718 663 63
2305 2304 53
2273 2218 110
1416 1417 115
211 212 55
664 665 83
2598 2599 143
2579 2578 92
397 342 132
955 900 100
2777 2776 147
2536 2481 52
941 940 95
2871 2816 55
2318 2319 148
2390 2445 58
2998 2997 62
646 645 78
187 242 69
2821 2876 128
1677 1678 70
675 676 88
2101 2102 99
1656 1657 59
1392 1447 144
52 51 67
565 564 128
171 170 66
79 134 58
1953 1952 140
2707 2762 90
2796 2851 71
1989 2044 63
1151 1206 78
925 980 146
389 388 58
254 309 73
1240 1241 84
141 196 129
810 755 58
1118 1117 105
81 82 118
2401 2400 147
727 672 59
358 359 60
1489 1490 114
800 855 100
2744 2799 56
2024 2079 138
1556 1555 50
446 447 144
3010 3009 102
2345 2290 105
2770 2715 143
62 63 84
2557 2612 61
2415 2414 130
2425 2426 125
545 490 119
2571 2626 85
76 75 134
2688 2743 84
1039 984 140
955 1010 53
52 107 129
1336 1281 64
2622 2621 114
1933 1988 144
2862 2917 107
1136 1137 56
2710 2765 92
999 1000 83
689 744 100
1432 1487 53
2703 2648 143
2071 2070 52
1509 1508 93
117 118 118
1393 1338 83
2222 2167 113
2001 2056 129
1214 1213 140
2558 2503 145
2377 2432 113
1950 1949 74
1371 1426 147
435 436 90
1908 1909 94
867 868 141
1241 1242 63
2467 2522 141
1186 1185 115
1246 1301 106
2135 2190 121
1023 968 59
845 900 55
183 238 113
1597 1596 82
2034 2035 82
450 449 65
956 1011 119
2405 2460 77
2980 2979 145
1326 1325 105
363 364 121
1359 1360 124
913 968 138
2791 2736 50
283 284 75
1006 1005 139
148 93 107
2751 2752 73
890 891 140
1074 1073 81
938 993 57
2549 2604 132
1194 1195 61
1219 1164 92
1418 1419 135
2598 2543 98
2645 2700 120
1627 1628 121
146 147 111
2375 2320 108
1498 1497 145
1473 1472 124
285 286 91
909 854 123
799 744 59
758 813 107
939 940 104
2253 2254 94
2483 2428 55
1875 1930 77
2156 2211 86
1584 1529 149
426 427 147
2184 2239 118
2317 2316 95
1604 1659 100
1952 2007 123
1116 1171 143
1649 1704 75
2234 2289 100
427 482 76
1471 1470 52
2266 2267 53
478 477 100
832 777 87
1621 1566 101
2052 1997 55
758 759 85
2698 2753 74
1594 1539 115
1307 1308 79
2939 2938 60
1910 1965 93
1075 1020 71
559 504 123
2037 1982 57
2958 2903 132
1283 1284 82
1536 1591 111
2724 2725 97
2666 2721 61
1944 1945 78
334 335 99
1072 1071 73
232 231 117
2183 2184 145
697 698 58
847 902 105
1756 1755 63
512 567 122
517 462 101
2870 2925 140
507 452 92
2435 2436 121
260 205 58
1850 1905 55
1977 1978 67
1269 1214 90
452 453 99
581 526 93
2093 2094 54
1752 1751 66
2141 2142 99
1179 1178 65
1771 1826 101
2125 2126 55
1957 1958 70
1621 1676 138
1145 1146 72
1727 1726 119
843 788 80
523 524 105
2111 2110 62
1340 1285 67
1535 1480 61
2965 2966 79
1181 1180 105
1230 1229 81
909 910 71
1969 1970 73
1838 1893 88
6 7 77
2229 2284 78
1449 1394 74
2308 2307 76
2919 2918 84
2922 2977 122
1892 1837 105
1292 1347 86
849 850 147
445 444 139
842 843 68
2621 2676 125
670 615 103
1073 1128 50
1724 1725 123
2378 2379 106
2274 2329 51
1804 1749 117
1491 1490 138
2002 1947 73
2544 2599 52
2470 2415 65
1312 1257 81
2811 2756 84
602 657 105
2917 2916 108
87 32 121
1799 1744 77
339 340 136
1085 1030 102
2899 2898 119
1711 1656 113
763 764 148
1912 1967 98
1032 1033 125
2336 2335 114
2711 2656 68
103 48 89
246 245 84
2412 2357 131
374 373 102
954 899 117
1717 1716 126
1945 1946 50
2257 2258 123
2508 2563 123
805 860 67
1356 1357 67
234 233 68
1907 1852 55
1670 1725 138
1019 1018 125
2581 2636 50
374 375 109
761 760 141
1167 1168 78
2907 2852 81
1465 1464 117
1176 1121 91
1328 1327 72
1829 1830 125
2074 2019 111
1677 1622 86
2580 2581 62
882 883 145
528 583 102
2844 2789 89
1076 1077 91
1205 1260 144
265 320 129
2571 2572 94
2006 1951 79
497 496 53
393 448 136
2501 2502 69
1775 1830 113
273 218 110
1878 1933 142
1260 1261 52
168 223 52
2016 1961 76
1669 1668 82
2978 2979 85
1210 1209 60
1220 1165 127
1750 1695 69
2676 2675 98
2640 2639 98
2051 1996 99
1410 1465 50
745 744 97
79 78 118
1093 1092 89
16 17 105
2166 2111 70
2856 2801 140
2479 2424 114
1908 1963 119
1398 1397 149
469 414 135
1171 1226 70
1140 1195 51
586 587 55
2312 2257 74
338 283 137
1972 2027 78
2907 2962 89
422 423 143
2486 2541 62
651 652 121
1295 1296 108
1543 1488 85
2401 2456 137
1015 1070 128
853 854 85
1959 1904 116
1892 1891 69
623 622 78
516 461 118
784 785 134
1566 1511 130
829 884 92
2128 2127 114
1089 1088 99
1031 1032 138
764 819 114
1208 1263 135
948 1003 74
2090 2145 54
784 839 60
2696 2697 67
1075 1076 149
288 287 145
1198 1143 116
2481 2426 81
2838 2893 120
1845 1844 68
2482 2483 132
2390 2391 102
1358 1303 112
2940 2995 105
1924 1979 140
862 917 128
1819 1820 114
2294 2293 119
806 861 77
26 81 104
1927 1982 77
2275 2220 104
184 183 114
346 345 149
2170 2115 51
1921 1866 101
2899 2844 101
2663 2608 69
280 225 145
58 59 94
131 130 65
2726 2781 102
274 273 59
901 846 56
302 303 109
1148 1203 65
2846 2845 112
2652 2651 134
1427 1482 108
1441 1442 63
2144 2089 103
1771 1770 145
723 668 70
149 150 124
1181 1236 138
1834 1889 55
1671 1616 95
217 216 137
2814 2869 128
555 554 145
67 68 107
1411 1412 79
638 637 81
1639 1638 148
1616 1615 51
2487 2486 99
2523 2468 130
2101 2156 66
338 337 60
2770 2825 71
1083 1138 63
349 404 56
765 766 134
1278 1277 66
1047 1102 140
1396 1395 102
459 458 123
2101 2046 69
1088 1143 149
2496 2495 96
712 713 82
1374 1319 57
2367 2312 93
624 569 116
568 567 116
1528 1473 53
2648 2593 115
586 531 139
1048 1047 56
2299 2244 114
331 386 71
2591 2592 98
563 618 100
2263 2262 105
1117 1062 138
1825 1770 51
566 567 50
2647 2592 135
313 312 86
1788 1787 98
581 582 92
2018 2017 83
2057 2058 67
2302 2303 59
1805 1804 134
1407 1352 74
2519 2464 92
1339 1340 105
102 157 93
1869 1870 95
2160 2159 113
1556 1611 101
1785 1784 109
982 927 108
2369 2370 94
410 465 100
195 140 64
2624 2625 97
2710 2655 112
1358 1359 56
241 242 132
1089 1144 53
2987 2988 56
756 701 118
2789 2788 71
2549 2494 130
578 577 113
2344 2345 50
2405 2404 75
1743 1688 121
636 581 71
1172 1117 58
826 771 111
1383 1328 116
816 817 114
1352 1297 72
2660 2661 57
1361 1416 72
282 337 139
98 99 65
2626 2627 57
2896 2951 97
1192 1193 82
188 243 147
129 128 113
2186 2241 76
2755 2756 96
282 227 122
1988 1987 92
1481 1536 133
2208 2209 65
1943 1944 54
1525 1524 138
1550 1605 91
2706 2651 70
2855 2856 141
48 47 54
2905 2904 52
1493 1494 141
2045 1990 143
2328 2329 70
773 828 92
1592 1647 57
1017 1072 75
1481 1426 107
858 857 58
1635 1690 121
1016 1017 149
2634 2579 93
1075 1130 138
1614 1613 99
1684 1629 145
1190 1135 72
987 986 92
3021 2966 50
569 514 121
2613 2614 109
2479 2534 88
1444 1445 130
1114 1169 118
541 540 127
2014 2015 112
2212 2267 94
874 819 109
963 908 104
2956 2955 105
811 810 128
108 163 110
145 144 101
2815 2870 116
1059 1004 92
2807 2862 74
1095 1040 54
2841 2842 70
2488 2543 80
453 508 124
1110 1055 118
2456 2511 57
867 922 99
1715 1770 54
2235 2180 67
612 557 112
423 478 111
1369 1314 99
2674 2675 79
2131 2076 65
1702 1647 107
1517 1516 75
2981 2980 104
2891 2836 100
2624 2679 87
2039 2040 146
1566 1565 62
1187 1132 71
2321 2266 124
2627 2572 119
1030 1029 134
2160 2105 89
391 336 56
2952 2953 111
2432 2433 110
1225 1224 109
545 544 118
2475 2530 81
2557 2558 131
1316 1261 61
2053 2108 107
716 661 77
2478 2477 112
295 240 132
1569 1570 76
1043 1042 82
419 364 85
1629 1628 110
1169 1168 114
2224 2279 79
2063 2118 149
32 31 143
2352 2297 75
1126 1127 92
1564 1563 59
363 362 127
2311 2312 62
2561 2560 89
2302 2357 56
696 697 65
18 19 127
1016 961 145
2861 2862 120
2558 2559 108
2924 2925 80
1873 1818 60
727 726 78
207 262 98
1811 1866 130
2958 3013 63
1486 1541 97
2806 2807 110
2310 2309 149
2292 2293 136
2409 2354 124
2387 2386 140
1362 1361 98
2109 2108 118
1154 1209 95
234 235 55
536 481 63
1713 1658 106
1980 2035 121
1685 1630 98
2430 2431 149
782 781 96
1910 1855 53
1313 1314 56
811 756 108
371 372 110
2894 2949 95
2114 2169 86
731 730 90
2872 2873 66
1317 1316 132
2892 2891 63
108 53 142
1252 1251 139
2203 2204 76
3024 3023 70
981 1036 100
185 240 75
566 621 126
2501 2446 59
2301 2246 78
1694 1693 121
2394 2339 126
479 478 73
1449 1504 113
468 413 55
2999 2944 66
1023 1078 143
1078 1133 90
1678 1679 74
2724 2779 74
993 994 146
1340 1395 64
1695 1640 82
2294 2239 55
1290 1235 80
1613 1558 117
1942 1941 60
767 766 111
2090 2089 61
491 492 126
2573 2628 124
1738 1739 137
1315 1260 51
1866 1865 55
1864 1809 99
2724 2723 124
1807 1808 58
228 229 117
2712 2767 133
38 39 88
691 636 111
1049 994 117
686 741 50
521 576 59
1497 1496 106
252 253 81
2118 2173 80
3017 3018 51
2470 2469 51
1323 1322 111
2156 2155 90
1074 1019 147
2667 2722 125
1098 1099 95
1413 1412 91
1213 1158 126
430 485 90
123 68 128
2300 2355 125
540 595 105
2273 2328 76
2308 2309 116
2870 2871 59
1205 1206 142
242 243 129
984 983 63
867 866 138
2168 2169 74
164 109 129
2520 2465 76
64 65 54
2174 2119 76
1197 1252 148
2442 2441 138
1447 1448 95
229 174 60
2438 2437 135
224 225 129
1820 1821 98
3019 2964 59
331 276 126
220 275 53
793 794 135
2921 2920 82
2879 2934 146
997 998 86
796 797 63
695 750 98
692 747 69
1558 1559 140
602 603 133
2677 2732 85
955 956 130
2227 2172 117
749 694 140
346 347 110
2528 2473 100
56 1 133
2428 2427 92
2224 2169 101
2319 2320 76
2315 2314 92
278 223 52
1119 1120 57
865 810 128
2875 2820 136
2564 2509 51
2882 2881 84
221 276 142
2742 2741 113
2230 2175 131
2397 2396 100
2833 2832 141
818 817 69
2539 2538 99
1859 1860 74
620 565 60
2179 2234 68
2112 2167 59
1370 1425 135
1568 1513 125
459 404 55
1601 1546 147
2158 2157 61
2170 2169 94
10 65 122
141 86 51
1767 1768 58
486 541 58
213 212 128
1437 1382 100
1157 1158 86
1 2 122
1114 1115 74
780 779 82
1387 1386 123
347 402 135
2157 2212 139
2539 2594 71
2889 2890 73
2425 2370 124
166 221 144
1160 1159 72
2048 2103 70
656 657 80
2716 2717 89
896 951 54
603 548 142
2158 2159 132
120 121 60
1494 1549 79
1547 1546 128
2120 2121 115
3024 2969 98
1258 1313 117
1070 1125 53
2933 2878 122
2209 2154 71
650 705 101
1338 1283 127
2474 2473 141
2244 2245 115
2405 2350 94
1443 1442 73
1783 1838 79
2669 2668 146
1853 1798 70
510 455 75
2982 2981 92
1000 1055 73
2858 2913 148
969 1024 105
193 248 77
217 272 118
979 978 119
560 505 62
1496 1551 116
23 24 109
1209 1264 89
1843 1788 90
1944 1889 118
2388 2443 130
2261 2206 113
205 150 76
1468 1523 81
49 104 70
1373 1318 78
244 243 53
1196 1251 54
1299 1354 137
2573 2518 71
1990 1989 88
2274 2219 131
1332 1277 99
1483 1428 82
2809 2754 144
1343 1288 128
1029 1084 144
2369 2314 81
1203 1258 101
1302 1301 120
2337 2282 146
2113 2058 101
2148 2149 109
2914 2913 126
2143 2144 82
1079 1024 99
2559 2560 87
1526 1525 74
933 988 106
868 923 78
1139 1140 111
3018 3019 126
2303 2248 101
1898 1843 78
1518 1517 72
1958 1959 128
2223 2222 51
1909 1854 73
2272 2327 138
1590 1535 60
2810 2809 102
1425 1480 97
1284 1229 93
605 604 78
558 503 130
88 143 99
1736 1681 64
2690 2689 99
2272 2271 134
2228 2173 122
769 714 129
1886 1831 80
2728 2727 134
1266 1211 95
187 186 106
2008 2063 96
1201 1202 66
1645 1590 100
88 87 115
2020 2021 60
1083 1028 136
2524 2523 88
1993 2048 86
2198 2143 119
84 85 118
1289 1344 129
633 634 147
808 753 131
1331 1276 116
1376 1377 56
466 521 132
7 8 85
104 159 148
2246 2191 111
1397 1396 65
791 790 110
392 337 132
2633 2634 103
2389 2390 92
2173 2174 141
1160 1215 118
2947 2948 108
1170 1169 134
795 794 149
1122 1123 68
2027 2026 75
2235 2236 60
2088 2143 53
1555 1610 147
678 679 73
2036 2091 86
1841 1840 63
249 304 87
2315 2370 139
2989 2934 90
1321 1322 140
1374 1373 56
208 209 76
488 543 90
906 851 143
2278 2333 133
1256 1311 60
1408 1407 80
623 568 103
2525 2524 80
2031 2032 141
1826 1881 113
2397 2398 86
2752 2807 72
2639 2584 130
838 839 111
382 383 125
2528 2583 72
2024 2025 60
1786 1841 133
2410 2355 74
768 823 75
2070 2069 113
853 798 102
841 896 136
1664 1719 94
2309 2254 50
1690 1689 83
688 633 110
642 641 68
168 169 124
1101 1102 64
50 49 98
1488 1489 57
2492 2547 53
787 786 64
1372 1317 59
2603 2602 64
1624 1569 97
798 797 91
1299 1244 51
1965 1966 113
2970 3025 147
1734 1789 145
2938 2937 58
1394 1393 51
1829 1884 143
1877 1876 133
962 961 54
1943 1888 54
2386 2385 84
2901 2902 136
2280 2279 111
2784 2783 66
698 753 122
709 710 144
1151 1150 98
134 133 129
167 166 107
1057 1112 105
531 476 90
2117 2172 149
2831 2830 126
1375 1320 77
1857 1858 128
2873 2818 141
906 907 103
1811 1756 57
2332 2387 80
1967 2022 125
2514 2515 136
97 42 130
1094 1095 80
2042 2041 129
2371 2316 88
2955 3010 107
1731 1732 145
1408 1463 61
1303 1248 93
2864 2919 53
1289 1288 123
1885 1940 135
1612 1667 73
2624 2569 95
2686 2741 71
2207 2208 110
1776 1721 91
2679 2734 143
2776 2775 102
1293 1294 64
268 269 61
855 854 118
2483 2538 134
1716 1715 131
1018 1017 72
1720 1721 51
2026 1971 80
2834 2835 128
1897 1896 85
1368 1313 61
1134 1189 93
2537 2538 65
375 430 114
837 892 61
144 199 135
464 463 108
646 647 103
2326 2381 108
532 477 60
1537 1482 66
1024 1025 125
216 161 133
448 447 110
1361 1306 112
2452 2451 86
2641 2642 54
2398 2343 148
2585 2530 117
964 965 82
762 763 81
185 130 110
2922 2921 119
2464 2463 118
933 878 52
619 620 116
2679 2680 64
790 735 138
127 72 148
943 998 61
2517 2572 93
772 717 88
1699 1698 129
134 189 69
425 426 101
2707 2652 131
1500 1555 122
653 598 73
2340 2339 56
1875 1820 70
1897 1952 71
884 885 76
502 447 81
1239 1294 135
1429 1428 64
1051 1106 143
2044 2045 145
147 148 59
226 281 70
2533 2534 75
365 310 85
2522 2577 55
1327 1272 149
2417 2416 50
1155 1154 122
520 521 115
2756 2757 60
1906 1905 83
2462 2407 108
791 792 124
528 529 68
2923 2924 136
518 573 54
1894 1949 142
797 852 78
2762 2761 98
1757 1758 125
2687 2686 73
2163 2164 136
1690 1691 81
318 317 98
2851 2852 107
462 407 90
177 178 106
1617 1618 63
719 664 76
2056 2055 101
1262 1261 99
454 453 111
1856 1911 81
2034 1979 109
813 812 55
630 629 87
2196 2195 63
1298 1297 107
2765 2764 84
774 773 143
2773 2718 70
2976 2921 88
1952 1951 85
632 631 110
1415 1416 136
2269 2268 77
1590 1591 68
1625 1626 128
600 599 131
2640 2585 83
1097 1042 126
2899 2900 70
307 308 95
2668 2613 137
1602 1657 88
1545 1546 77
198 143 68
863 808 138
2167 2166 118
1345 1346 117
1456 1455 61
2139 2140 141
2923 2868 136
682 681 132
1153 1154 60
1645 1644 109
414 359 87
2078 2023 131
2373 2372 110
270 271 117
1844 1899 54
1248 1249 111
143 144 110
251 250 78
2894 2895 51
595 594 133
688 689 96
859 860 95
2652 2653 97
390 391 102
920 975 145
251 196 51
1912 1911 92
813 814 118
1556 1557 56
109 108 103
1802 1857 131
2812 2813 135
1625 1570 66
1502 1501 72
2766 2765 114
226 225 132
840 895 86
2649 2648 145
740 739 57
2435 2380 147
1037 982 61
2605 2606 90
794 739 134
995 996 58
1217 1218 145
1472 1471 103
1619 1674 77
456 511 120
2911 2856 53
2687 2742 63
2252 2197 51
766 711 80
1146 1091 76
1997 1996 75
1072 1127 126
579 634 91
307 306 71
308 253 143
568 10
2641 9
785 10
513 13
316 18
373 3
1710 9
1723 13
167 11
485 20
239 17
644 1
1329 1
1602 13
885 6
189 1
790 19
1345 8
214 8
1999 7
259 14
1120 2
17 4
758 17
1106 4
954 6
202 3
725 19
2262 17
1611 12
266 12
1242 7
399 12
1433 1
208 11
362 1
1135 15
78 12
1396 13
267 5
1018 11
410 9
627 17
397 11
403 13
53 2
1058 11
158 11
1007 9
1672 11
304 9
1821 14
501 12
686 12
1838 11
753 15
430 17
539 5
1436 13
297 6
536 8
1664 16
211 4
1600 19
1019 16
2752 14
573 19
1281 10
943 5
1871 4
857 6
280 7
969 4
161 2
472 18
449 17
303 15
116 20
1891 7
609 3
1232 2
2270 8
812 17
1721 13
2431 19
1273 19
1321 19
851 8
2531 3
1941 3
321 5
475 10
108 18
570 8
515 20
4 13
667 1
352 10
217 14
1718 18
2105 13
678 11
1078 4
1129 17
2258 4
233 13
342 5
2366 18
968 5
1130 3
1981 1
791 6
25 10
465 9
487 19
2042 1
1113 19
965 9
157 8
1102 1
2321 12
947 4
1178 2
1080 1
636 11
2587 1
152 6
1399 11
588 10
1391 19
1820 20
130 15
292 2
528 4
323 3
260 5
1390 8
1657 7
1027 15
345 12
52 9
1048 7
476 18
18 11
1819 15
72 8
1328 11
1284 13
21 8
120 10
387 5
1384 19
2378 13
230 6
395 20
2586 3
178 18
2104 5
2158 5
