  
100000000003
100000000019
100000000057
100000000063
100000000069
100000000073
100000000091
100000000103
100000000129
100000000171
100000000183
100000000193
100000000211
100000000223
100000000237
100000000253
100000000283
100000000319
100000000363
100000000367
100000000379
100000000393
100000000403
100000000411
100000000417
100000000427
100000000447
100000000487
100000000519
100000000567
100000000579
100000000621
100000000631
100000000637
100000000669
100000000699
100000000703
100000000721
100000000739
100000000747
100000000801
100000000817
100000000819
100000000861
100000000901
100000000943
100000000951
100000001009
100000001099
100000001111
100000001149
100000001201
100000001209
100000001237
100000001239
100000001249
100000001267
100000001287
100000001291
100000001317
100000001347
100000001363
100000001377
100000001389
100000001399
100000001467
100000001489
100000001509
100000001513
100000001551
100000001557
100000001567
100000001641
100000001659
100000001693
100000001729
100000001771
100000001807
100000001831
100000001837
100000001839
100000001863
100000001909
100000001921
100000001923
100000001939
100000001957
100000001989
100000002017
100000002031
100000002041
100000002059
100000002061
100000002097
100000002103
100000002181
100000002191
100000002199
100000002229
100000002251
100000002299
100000002313
100000002317
100000002353
100000002359
100000002373
100000002413
100000002497
100000002499
100000002503
100000002511
100000002539
100000002587
100000002617
100000002677
100000002689
100000002731
100000002757
100000002827
100000002847
100000002863
100000002889
100000002911
100000002913
100000002941
100000002943
100000002953
100000003039
100000003067
100000003069
100000003087
100000003097
100000003163
100000003211
100000003223
100000003241
100000003249
100000003277
100000003303
100000003319
100000003361
100000003373
100000003379
100000003381
100000003447
100000003457
100000003471
100000003517
100000003559
100000003583
100000003591
100000003627
100000003657
100000003661
100000003699
100000003709
100000003757
100000003759
100000003787
100000003813
100000003853
100000003867
100000003897
100000003921
100000003951
100000003997
100000004021
100000004053
100000004099
100000004107
100000004171
100000004177
100000004207
100000004267
100000004333
100000004407
100000004437
100000004449
100000004471
100000004483
100000004501
100000004521
100000004539
100000004591
100000004653
100000004677
100000004707
100000004719
100000004749
100000004761
100000004809
100000004827
100000004837
100000004843
100000004849
100000004861
100000004903
100000004917
100000004953
100000004987
